EntityId,TeamId,Name,ShortName,RowId,TeamAbbreviation,SecondsPlayed,Minutes,PlusMinus,OffPoss,DefPoss,PenaltyOffPoss,PenaltyDefPoss,SecondChanceOffPoss,TotalPoss,AtRimFGM,AtRimFGA,SecondChanceAtRimFGM,SecondChanceAtRimFGA,PenaltyAtRimFGM,PenaltyAtRimFGA,ShortMidRangeFGM,ShortMidRangeFGA,LongMidRangeFGM,LongMidRangeFGA,Corner3FGM,Corner3FGA,SecondChanceCorner3FGM,SecondChanceCorner3FGA,PenaltyCorner3FGM,PenaltyCorner3FGA,Arc3FGM,Arc3FGA,SecondChanceArc3FGM,SecondChanceArc3FGA,PenaltyArc3FGA,FG2M,FG2A,FG3M,FG3A,FtPoints,Points,OpponentPoints,SecondChanceFG2M,SecondChanceFG2A,SecondChanceFG3M,SecondChanceFG3A,SecondChanceFtPoints,SecondChancePoints,PenaltyFG2M,PenaltyFG2A,PenaltyFG3M,PenaltyFG3A,PenaltyFtPoints,PenaltyPoints,PtsAssisted2s,PtsUnassisted2s,PtsAssisted3s,PtsUnassisted3s,PtsPutbacks,HeaveAttempts,NonHeaveArc3FGA,NonHeaveArc3FGM,Fg2aBlocked,TwoPtAssists,ThreePtAssists,Assists,Arc3Assists,Corner3Assists,AtRimAssists,ShortMidRangeAssists,LongMidRangeAssists,AssistPoints,OffThreePtRebounds,OffTwoPtRebounds,DefThreePtRebounds,DefTwoPtRebounds,FTDefRebounds,DefRebounds,OffRebounds,Rebounds,SelfOReb,Steals,BadPassSteals,LostBallSteals,LiveBallTurnovers,BadPassOutOfBoundsTurnovers,BadPassTurnovers,DeadBallTurnovers,LostBallOutOfBoundsTurnovers,LostBallTurnovers,StepOutOfBoundsTurnovers,Travels,Turnovers,SecondChanceTurnovers,PenaltyTurnovers,ShootingFouls,Fouls,Charge Fouls,Loose Ball Fouls,Offensive Fouls,FoulsDrawn,FTA,2pt And 1 Free Throw Trips,TwoPtShootingFoulsDrawn,ThreePtShootingFoulsDrawn,NonShootingFoulsDrawn,Blocked2s,BlockedAtRim,BlockedShortMidRange,Blocks,RecoveredBlocks,3SecondViolations,PenaltyPointsExcludingTakeFouls,PenaltyOffPossExcludingTakeFouls,NonShootingPenaltyNonTakeFouls,NonShootingPenaltyNonTakeFoulsDrawn,Assisted2sPct,NonPutbacksAssisted2sPct,Assisted3sPct,Fg3Pct,SecondChanceFg3Pct,PenaltyFg3Pct,NonHeaveFg3Pct,Fg2Pct,SecondChanceFg2Pct,PenaltyFg2Pct,EfgPct,SecondChanceEfgPct,PenaltyEfgPct,TsPct,SecondChanceTsPct,PenaltyTsPct,FG3APct,FG2APctBlocked,AtRimPctBlocked,ShortMidRangePctBlocked,Usage,LiveBallTurnoverPct,DefFTReboundPct,DefTwoPtReboundPct,OffTwoPtReboundPct,DefThreePtReboundPct,OffThreePtReboundPct,DefFGReboundPct,OffFGReboundPct,OffAtRimReboundPct,OffShortMidRangeReboundPct,OffArc3ReboundPct,OffCorner3ReboundPct,DefAtRimReboundPct,DefShortMidRangeReboundPct,DefLongMidRangeReboundPct,DefArc3ReboundPct,DefCorner3ReboundPct,SelfORebPct,BlocksRecoveredPct,AtRimFrequency,AtRimAccuracy,UnblockedAtRimAccuracy,AtRimPctAssisted,ShortMidRangeFrequency,ShortMidRangeAccuracy,UnblockedShortMidRangeAccuracy,ShortMidRangePctAssisted,LongMidRangeFrequency,LongMidRangeAccuracy,UnblockedLongMidRangeAccuracy,LongMidRangePctAssisted,Corner3Frequency,Corner3Accuracy,UnblockedCorner3Accuracy,Corner3PctAssisted,Arc3Frequency,Arc3Accuracy,UnblockedArc3Accuracy,Arc3PctAssisted,SecondChanceAtRimFrequency,SecondChanceAtRimAccuracy,SecondChanceAtRimPctAssisted,SecondChanceCorner3Frequency,SecondChanceCorner3Accuracy,SecondChanceCorner3PctAssisted,SecondChanceArc3Frequency,SecondChanceArc3Accuracy,SecondChanceArc3PctAssisted,PenaltyAtRimFrequency,PenaltyAtRimAccuracy,PenaltyCorner3Frequency,PenaltyCorner3Accuracy,PenaltyArc3Frequency,AtRimFG3AFrequency,NonHeaveArc3Accuracy,ShotQualityAvg,SecondChanceShotQualityAvg,PenaltyShotQualityAvg,ShootingFoulsDrawnPct,TwoPtShootingFoulsDrawnPct,ThreePtShootingFoulsDrawnPct,SecondChancePointsPct,PenaltyPointsPct,Avg2ptShotDistance,Avg3ptShotDistance,PenaltyOffPossPct,PenaltyArc3FGM,Fg3aBlocked,Loose Ball Fouls Drawn,Offensive Fouls Drawn,Technical Free Throw Trips,Blocked3s,BlockedArc3,DefensiveGoaltends,FG3APctBlocked,Arc3PctBlocked,OffLongMidRangeReboundPct,PenaltyArc3Accuracy,Charge Fouls Drawn,BlockedCorner3,FTOffRebounds,BlockedLongMidRange,OffFTReboundPct,HeaveMakes,3pt And 1 Free Throw Trips,Corner3PctBlocked,LongMidRangePctBlocked,OffensiveGoaltends,on,Defensive 3 Seconds Violations,Clear Path Fouls
1627759,1610612738,Jaylen Brown,Jaylen Brown,1627759,BOS,22215.0,370,-25.0,741,753,174,188,90,1494,33,48,5.0,7.0,12.0,14,18.0,40,8.0,24.0,9.0,20.0,1.0,1.0,4.0,7.0,11.0,50.0,1.0,4.0,10.0,59,112,20.0,70.0,35.0,213,806,6.0,11.0,2.0,5.0,4.0,22.0,17,27,4.0,17.0,7.0,53,62,56.0,48.0,12.0,6.0,1.0,49.0,11.0,14.0,14.0,14.0,28.0,12.0,2.0,5.0,6.0,3.0,70.0,4.0,8.0,31,29.0,5.0,65,12.0,77,3.0,12.0,7.0,5.0,18.0,1.0,10.0,15.0,4.0,8.0,1.0,3.0,33,4.0,2.0,12,32,2.0,2.0,1.0,33,44,1.0,17.0,1.0,4.0,5.0,3.0,2.0,5.0,3.0,1.0,53,173,5.0,3.0,0.5254237288135594,0.5535714285714286,0.8,0.2857142857142857,0.4,0.23529411764705882,0.2898550724637681,0.5267857142857143,0.5454545454545454,0.6296296296296297,0.489010989010989,0.5625,0.5227272727272727,0.5246305418719212,0.6111111111111112,0.5520833333333334,0.38461538461538464,0.125,0.14583333333333334,0.175,27.744982290436834,0.5454545454545454,0.2631578947368421,0.1657142857142857,0.04020100502512563,0.17613636363636365,0.024691358024691357,0.17094017094017094,0.0332409972299169,0.06329113924050633,0.03896103896103896,0.015037593984962405,0.06896551724137931,0.0967741935483871,0.19402985074626866,0.21739130434782608,0.20567375886524822,0.05714285714285714,0.03488372093023256,0.6,0.26373626373626374,0.6875,0.8048780487804879,0.5454545454545454,0.21978021978021978,0.45,0.5454545454545454,0.5555555555555556,0.13186813186813187,0.3333333333333333,0.3333333333333333,0.375,0.10989010989010989,0.45,0.45,0.8888888888888888,0.27472527472527475,0.22,0.22,0.7272727272727273,0.4375,0.7142857142857143,0.2,0.0625,1.0,1.0,0.25,0.25,1.0,0.3181818181818182,0.8571428571428571,0.1590909090909091,0.5714285714285714,0.22727272727272727,0.6483516483516484,0.22448979591836735,0.5021330555555553,0.4608181818181818,0.5083238095238095,0.09045226130653267,0.1328125,0.014084507042253521,0.10328638497652583,0.24882629107981222,7.454464285714287,26.01714285714286,0.23481781376518218,,,,,,,,,,,,,,,,,,,,,,,True,,
1628369,1610612738,Jayson Tatum,Jayson Tatum,1628369,BOS,29415.0,490,110.0,975,980,216,221,123,1955,36,71,3.0,11.0,5.0,14,22.0,65,20.0,44.0,5.0,14.0,1.0,1.0,1.0,4.0,40.0,108.0,2.0,11.0,36.0,78,180,45.0,122.0,67.0,358,1031,7.0,17.0,3.0,12.0,4.0,27.0,14,33,11.0,40.0,28.0,89,46,110.0,57.0,78.0,8.0,1.0,107.0,40.0,14.0,22.0,25.0,47.0,20.0,5.0,13.0,6.0,3.0,119.0,5.0,10.0,44,44.0,12.0,100,15.0,115,8.0,11.0,3.0,8.0,16.0,1.0,10.0,17.0,2.0,6.0,1.0,2.0,33,,5.0,14,38,3.0,2.0,5.0,65,83,8.0,40.0,,4.0,12.0,5.0,7.0,13.0,8.0,,87,213,1.0,3.0,0.2948717948717949,0.3108108108108108,0.4222222222222222,0.36885245901639346,0.25,0.275,0.371900826446281,0.43333333333333335,0.4117647058823529,0.42424242424242425,0.4817880794701987,0.39655172413793105,0.4178082191780822,0.5251479289940828,0.41935483870967744,0.5,0.40397350993377484,0.07777777777777778,0.1267605633802817,0.07692307692307693,32.83185840707964,0.48484848484848486,0.46153846153846156,0.1685823754789272,0.03663003663003663,0.1746031746031746,0.022123893805309734,0.17153996101364521,0.03006012024048096,0.02631578947368421,0.044642857142857144,0.016304347826086956,0.047619047619047616,0.12371134020618557,0.1308411214953271,0.3157894736842105,0.16831683168316833,0.2,0.050314465408805034,0.6153846153846154,0.23509933774834438,0.5070422535211268,0.5806451612903226,0.3055555555555556,0.2152317880794702,0.3384615384615385,0.36666666666666664,0.22727272727272727,0.1456953642384106,0.45454545454545453,0.45454545454545453,0.35,0.046357615894039736,0.35714285714285715,0.35714285714285715,0.8,0.3576158940397351,0.37037037037037035,0.37383177570093457,0.375,0.3793103448275862,0.2727272727272727,,0.034482758620689655,1.0,1.0,0.3793103448275862,0.18181818181818182,0.5,0.1917808219178082,0.35714285714285715,0.0547945205479452,0.25,0.4931506849315068,0.6390728476821192,0.37383177570093457,0.4947428333333333,0.5160770833333334,0.48280140845070435,0.11976047904191617,0.18867924528301888,,0.07541899441340782,0.24860335195530725,8.015555555555554,26.087704918032777,0.22153846153846155,10.0,1.0,1.0,3.0,3.0,1.0,1.0,2.0,0.00819672131147541,0.009259259259259259,0.0425531914893617,0.2777777777777778,,,,,,,,,,,True,,
1628400,1610612738,Semi Ojeleye,Semi Ojeleye,1628400,BOS,60633.0,1011,-31.0,2048,2071,521,549,240,4119,18,36,4.0,8.0,6.0,10,8.0,20,6.0,13.0,25.0,56.0,,1.0,6.0,12.0,23.0,71.0,3.0,9.0,9.0,32,69,48.0,127.0,28.0,236,2241,5.0,12.0,3.0,10.0,5.0,24.0,10,20,8.0,21.0,10.0,54,40,24.0,138.0,6.0,4.0,,71.0,23.0,11.0,26.0,11.0,37.0,8.0,3.0,17.0,7.0,2.0,85.0,19.0,7.0,57,47.0,15.0,119,26.0,145,4.0,21.0,16.0,5.0,9.0,2.0,7.0,10.0,2.0,2.0,,1.0,19,,7.0,38,80,3.0,5.0,1.0,46,32,7.0,16.0,,3.0,3.0,2.0,1.0,5.0,1.0,,54,518,10.0,3.0,0.625,0.6666666666666666,0.9583333333333334,0.3779527559055118,0.3,0.38095238095238093,0.3779527559055118,0.463768115942029,0.4166666666666667,0.5,0.5306122448979592,0.4318181818181818,0.5365853658536586,0.5649038461538461,0.5,0.5869565217391305,0.6479591836734694,0.15942028985507245,0.2222222222222222,0.15,9.713307659392383,0.47368421052631576,0.24193548387096775,0.08952380952380952,0.012658227848101266,0.11632653061224489,0.04121475054229935,0.10246305418719212,0.02564102564102564,0.008583690987124463,0.018691588785046728,0.03773584905660377,0.05555555555555555,0.07692307692307693,0.06930693069306931,0.14782608695652175,0.1227154046997389,0.09345794392523364,0.038461538461538464,0.2,0.1836734693877551,0.5,0.6428571428571429,0.7222222222222222,0.10204081632653061,0.4,0.47058823529411764,0.375,0.0663265306122449,0.46153846153846156,0.46153846153846156,0.6666666666666666,0.2857142857142857,0.44642857142857145,0.44642857142857145,1.0,0.3622448979591837,0.323943661971831,0.323943661971831,0.9130434782608695,0.36363636363636365,0.5,0.25,0.045454545454545456,,,0.4090909090909091,0.3333333333333333,1.0,0.24390243902439024,0.6,0.2926829268292683,0.5,0.21951219512195122,0.8316326530612245,0.323943661971831,0.5384767857142857,0.53591,0.5241378048780487,0.07804878048780488,0.20512820512820512,,0.1016949152542373,0.2288135593220339,6.450724637681159,24.879527559055127,0.25439453125,2.0,,4.0,6.0,1.0,2.0,1.0,,,,0.009433962264150943,0.2222222222222222,12.0,1.0,,,,,,,,,True,,
1628464,1610612738,Daniel Theis,Daniel Theis,1628464,BOS,16071.0,268,2.0,528,541,81,118,61,1069,31,39,6.0,9.0,6.0,7,4.0,11,2.0,3.0,,2.0,,,,,3.0,17.0,,2.0,3.0,37,53,3.0,19.0,14.0,97,589,6.0,10.0,,2.0,7.0,19.0,7,11,,3.0,6.0,20,62,12.0,9.0,,10.0,,17.0,3.0,4.0,7.0,10.0,17.0,9.0,1.0,3.0,2.0,2.0,44.0,13.0,14.0,26,19.0,2.0,47,28.0,75,2.0,6.0,4.0,2.0,3.0,1.0,2.0,10.0,1.0,1.0,,1.0,13,1.0,2.0,15,36,,4.0,7.0,25,20,3.0,9.0,,3.0,23.0,14.0,8.0,23.0,13.0,,20,81,1.0,2.0,0.8378378378378378,0.96875,1.0,0.15789473684210525,,,0.15789473684210525,0.6981132075471698,0.6,0.6363636363636364,0.5763888888888888,0.5,0.5,0.5987654320987654,0.59375,0.5882352941176471,0.2638888888888889,0.07547169811320754,0.07692307692307693,0.09090909090909091,15.474209650582363,0.23076923076923078,0.14285714285714285,0.14615384615384616,0.11666666666666667,0.20634920634920634,0.0948905109489051,0.17578125,0.10505836575875487,0.16666666666666666,0.09302325581395349,0.1016949152542373,0.05263157894736842,0.1896551724137931,0.09302325581395349,0.13793103448275862,0.20224719101123595,0.21621621621621623,0.07142857142857142,0.5652173913043478,0.5416666666666666,0.7948717948717948,0.8611111111111112,0.8064516129032258,0.1527777777777778,0.36363636363636365,0.4,1.0,0.041666666666666664,0.6666666666666666,0.6666666666666666,1.0,0.027777777777777776,,,,0.2361111111111111,0.17647058823529413,0.17647058823529413,1.0,0.75,0.6666666666666666,0.16666666666666666,,,,0.16666666666666666,,,0.5,0.8571428571428571,,,0.21428571428571427,0.8055555555555556,0.17647058823529413,0.5546104166666666,0.5344599999999999,0.5505892857142858,0.11538461538461539,0.15254237288135594,,0.1958762886597938,0.20618556701030927,3.620754716981132,25.77894736842105,0.1534090909090909,,,5.0,3.0,,,,,,,0.043478260869565216,,1.0,,1.0,1.0,0.09090909090909091,,,,,,True,,
202689,1610612738,Kemba Walker,Kemba Walker,202689,BOS,22350.0,372,15.0,762,767,175,178,86,1529,27,54,1.0,3.0,6.0,13,4.0,18,12.0,25.0,2.0,3.0,,,,,44.0,123.0,4.0,11.0,29.0,43,97,46.0,126.0,48.0,272,870,1.0,7.0,4.0,11.0,1.0,15.0,9,22,11.0,29.0,22.0,73,20,66.0,75.0,63.0,,3.0,119.0,43.0,11.0,36.0,26.0,62.0,18.0,8.0,24.0,10.0,2.0,150.0,1.0,2.0,25,17.0,,42,3.0,45,,8.0,4.0,4.0,15.0,5.0,9.0,11.0,5.0,6.0,1.0,,26,2.0,4.0,10,18,,,,48,58,2.0,15.0,4.0,9.0,6.0,2.0,3.0,6.0,6.0,,70,173,1.0,7.0,0.23255813953488372,0.23255813953488372,0.5434782608695652,0.36507936507936506,0.36363636363636365,0.3793103448275862,0.36585365853658536,0.44329896907216493,0.14285714285714285,0.4090909090909091,0.5022421524663677,0.3888888888888889,0.5,0.5445344129554656,0.39473684210526316,0.5806451612903226,0.5650224215246636,0.1134020618556701,0.1111111111111111,0.2777777777777778,31.4878892733564,0.5769230769230769,,0.0913978494623656,0.010638297872340425,0.14619883040935672,0.00510204081632653,0.11764705882352941,0.0078125,0.011904761904761904,0.014705882352941176,,0.030303030303030304,0.0875,0.06349206349206349,0.13953488372093023,0.1640625,0.09302325581395349,,1.0,0.242152466367713,0.5,0.5625,0.3333333333333333,0.08071748878923767,0.2222222222222222,0.3076923076923077,,0.11210762331838565,0.48,0.48,0.08333333333333333,0.013452914798206279,0.6666666666666666,0.6666666666666666,1.0,0.5515695067264574,0.35772357723577236,0.36065573770491804,0.5227272727272727,0.16666666666666666,0.3333333333333333,,,,,0.6111111111111112,0.36363636363636365,1.0,0.2549019607843137,0.46153846153846156,,,0.5686274509803921,0.8071748878923767,0.36134453781512604,0.5173109090909092,0.4821583333333333,0.49737395833333337,0.07983193277310924,0.13636363636363635,0.03125,0.05514705882352941,0.26838235294117646,7.431958762886596,26.863492063492057,0.22965879265091863,11.0,1.0,1.0,5.0,4.0,,,,0.007936507936507936,0.008130081300813009,,0.3793103448275862,4.0,,,1.0,,1.0,2.0,,,,True,,
202954,1610612738,Brad Wanamaker,Brad Wanamaker,202954,BOS,31025.0,517,-41.0,1042,1057,269,270,123,2099,31,55,4.0,5.0,8.0,14,7.0,36,9.0,19.0,,,,,,,18.0,44.0,3.0,3.0,16.0,47,110,18.0,44.0,37.0,185,1151,4.0,11.0,3.0,3.0,2.0,19.0,9,27,8.0,16.0,11.0,53,46,48.0,51.0,3.0,4.0,,44.0,18.0,12.0,38.0,24.0,62.0,17.0,7.0,27.0,5.0,6.0,148.0,2.0,6.0,23,24.0,,47,8.0,55,3.0,20.0,8.0,12.0,17.0,3.0,11.0,10.0,,6.0,,3.0,27,2.0,5.0,17,43,1.0,,2.0,33,42,2.0,19.0,,3.0,8.0,6.0,2.0,8.0,5.0,,53,268,6.0,3.0,0.48936170212765956,0.5111111111111111,0.9444444444444444,0.4090909090909091,1.0,0.5,0.4090909090909091,0.42727272727272725,0.36363636363636365,0.3333333333333333,0.4805194805194805,0.6071428571428571,0.4883720930232558,0.5316091954022989,0.6333333333333333,0.5408163265306123,0.2857142857142857,0.10909090909090909,0.14545454545454545,0.1111111111111111,16.86241610738255,0.6296296296296297,,0.09056603773584905,0.020066889632107024,0.09090909090909091,0.009174311926605505,0.09073359073359073,0.015473887814313346,0.023076923076923078,0.02830188679245283,0.005494505494505495,0.027777777777777776,0.12,0.0660377358490566,0.0847457627118644,0.07575757575757576,0.14545454545454545,0.04,0.625,0.35714285714285715,0.5636363636363636,0.6595744680851063,0.4838709677419355,0.23376623376623376,0.19444444444444445,0.21875,0.5714285714285714,0.12337662337662338,0.47368421052631576,0.47368421052631576,0.4444444444444444,,,,,0.2857142857142857,0.4090909090909091,0.4090909090909091,0.9444444444444444,0.35714285714285715,0.8,0.5,,,,0.21428571428571427,1.0,1.0,0.32558139534883723,0.5714285714285714,,,0.37209302325581395,0.6428571428571429,0.4090909090909091,0.5006925324675323,0.49663571428571424,0.4930011627906979,0.1111111111111111,0.14960629921259844,,0.10270270270270271,0.2864864864864865,7.148181818181817,25.981818181818184,0.2581573896353167,8.0,,,2.0,,,,,,,,0.5,1.0,,,,,,,,,,True,,
203935,1610612738,Marcus Smart,Marcus Smart,203935,BOS,25184.0,420,16.0,844,855,210,234,101,1699,12,25,3.0,4.0,2.0,6,19.0,38,4.0,10.0,4.0,18.0,,,1.0,4.0,35.0,79.0,4.0,10.0,24.0,35,73,39.0,97.0,29.0,216,929,5.0,9.0,4.0,10.0,,22.0,8,17,11.0,28.0,11.0,60,18,52.0,78.0,39.0,2.0,2.0,77.0,35.0,2.0,32.0,14.0,46.0,8.0,6.0,27.0,2.0,3.0,106.0,3.0,4.0,22,14.0,,36,7.0,43,2.0,14.0,9.0,5.0,19.0,2.0,16.0,6.0,,3.0,1.0,1.0,25,2.0,6.0,17,40,1.0,1.0,1.0,35,32,4.0,12.0,1.0,4.0,3.0,1.0,2.0,3.0,2.0,,60,208,5.0,4.0,0.2571428571428571,0.2647058823529412,0.6666666666666666,0.4020618556701031,0.4,0.39285714285714285,0.4105263157894737,0.4794520547945205,0.5555555555555556,0.47058823529411764,0.55,0.5789473684210527,0.5444444444444444,0.587431693989071,0.5789473684210527,0.59,0.5705882352941176,0.0273972602739726,0.08,,21.621621621621625,0.76,,0.07216494845360824,0.017937219730941704,0.1,0.015873015873015872,0.08695652173913043,0.01699029126213592,0.012048192771084338,0.02912621359223301,0.02040816326530612,,0.09876543209876543,0.08108108108108109,,0.09696969696969697,0.10909090909090909,0.022727272727272728,0.6666666666666666,0.14705882352941177,0.48,0.5217391304347826,0.25,0.2235294117647059,0.5,0.5,0.2631578947368421,0.058823529411764705,0.4,0.4,0.25,0.10588235294117647,0.2222222222222222,0.2222222222222222,1.0,0.4647058823529412,0.4430379746835443,0.4430379746835443,0.6285714285714286,0.21052631578947367,0.75,0.3333333333333333,,,,0.5263157894736842,0.4,0.75,0.13333333333333333,0.3333333333333333,0.08888888888888889,0.25,0.5333333333333333,0.7176470588235294,0.45454545454545453,0.5029029761904761,0.48444999999999994,0.4947267441860465,0.06741573033707865,0.14814814814814814,,0.10185185185185185,0.2777777777777778,7.849315068493149,26.034020618556703,0.24881516587677724,10.0,,3.0,4.0,1.0,,,,,,,0.4166666666666667,2.0,,,,,,,,,,True,,
1629057,1610612738,Robert Williams III,Robert Williams III,1629057,BOS,7222.0,120,,238,236,46,34,25,474,10,18,1.0,7.0,1.0,3,3.0,5,,2.0,,,,,,,,,,,,13,25,,,3.0,29,258,2.0,8.0,,,1.0,5.0,2,6,,,,4,24,2.0,,,2.0,,,,,7.0,2.0,9.0,2.0,,6.0,,1.0,20.0,5.0,11.0,19,9.0,1.0,29,16.0,45,3.0,9.0,6.0,3.0,5.0,1.0,2.0,4.0,,3.0,,,9,,,5,14,,1.0,3.0,8,6,2.0,4.0,,,8.0,6.0,2.0,10.0,4.0,,4,46,1.0,,0.9230769230769231,1.0,,,,,,0.52,0.25,0.3333333333333333,0.52,0.25,0.3333333333333333,0.5370370370370371,0.2777777777777778,0.3333333333333333,,,,,13.483146067415731,0.5555555555555556,0.16666666666666666,0.1836734693877551,0.171875,0.2676056338028169,0.08928571428571429,0.23333333333333334,0.13333333333333333,0.25,0.14814814814814814,0.09090909090909091,0.08333333333333333,0.16666666666666666,0.14285714285714285,0.3,0.29411764705882354,0.2,0.25,0.4,0.72,0.5555555555555556,0.5555555555555556,0.9,0.2,0.6,0.6,1.0,0.08,,,,,,,,,,,,0.875,0.14285714285714285,,,,,,,,0.5,0.3333333333333333,,,,0.72,,0.5554439999999999,0.5342142857142858,0.4568166666666667,0.14814814814814814,0.14814814814814814,,0.1724137931034483,0.13793103448275862,3.968000000000001,,0.19327731092436976,,,1.0,,,2.0,2.0,,,,0.07692307692307693,,,,,,,,,,,,True,,
1629684,1610612738,Grant Williams,Grant Williams,1629684,BOS,12395.0,207,-42.0,425,439,147,153,45,864,10,13,4.0,5.0,3.0,3,4.0,11,1.0,3.0,1.0,4.0,,,1.0,2.0,4.0,16.0,,1.0,5.0,15,27,5.0,20.0,9.0,54,465,5.0,7.0,,1.0,,10.0,5,10,1.0,7.0,5.0,18,16,14.0,9.0,6.0,10.0,1.0,15.0,4.0,1.0,10.0,7.0,17.0,7.0,,4.0,3.0,3.0,41.0,6.0,9.0,12,10.0,1.0,23,15.0,38,,7.0,4.0,3.0,5.0,3.0,5.0,10.0,1.0,,,,15,,6.0,19,39,,3.0,5.0,9,13,1.0,5.0,,2.0,6.0,5.0,,6.0,3.0,1.0,18,145,3.0,2.0,0.5333333333333333,0.8,0.6,0.25,,0.14285714285714285,0.2631578947368421,0.5555555555555556,0.7142857142857143,0.5,0.4787234042553192,0.625,0.38235294117647056,0.5094339622641509,0.625,0.45,0.425531914893617,0.037037037037037035,0.07692307692307693,,14.225941422594142,0.3333333333333333,0.05263157894736842,0.08771929824561403,0.07563025210084033,0.11214953271028037,0.061224489795918366,0.09954751131221719,0.06912442396313365,0.0425531914893617,0.12,0.039473684210526314,0.13636363636363635,0.07272727272727272,0.08108108108108109,0.13636363636363635,0.09411764705882353,0.18181818181818182,,0.5,0.2765957446808511,0.7692307692307693,0.8333333333333334,0.5,0.23404255319148937,0.36363636363636365,0.36363636363636365,0.5,0.06382978723404255,0.3333333333333333,0.3333333333333333,1.0,0.0851063829787234,0.25,0.5,1.0,0.3404255319148936,0.25,0.25,0.5,0.625,0.8,,,,,0.125,,,0.17647058823529413,1.0,0.11764705882352941,0.5,0.29411764705882354,0.7021276595744681,0.26666666666666666,0.5006739130434782,0.50439,0.480021875,0.09803921568627451,0.16129032258064516,,0.18518518518518517,0.3333333333333333,5.948148148148148,26.490000000000002,0.3458823529411765,,2.0,2.0,,,,,,0.1,,0.045454545454545456,,,,,1.0,,,,0.5,,,True,,
202330,1610612738,Gordon Hayward,Gordon Hayward,202330,BOS,17208.0,287,-41.0,594,612,137,171,65,1206,22,36,3.0,3.0,2.0,8,19.0,37,9.0,19.0,1.0,5.0,,1.0,,2.0,10.0,27.0,2.0,2.0,5.0,50,92,11.0,32.0,30.0,163,674,7.0,9.0,2.0,3.0,2.0,22.0,7,22,3.0,7.0,4.0,27,36,64.0,21.0,12.0,6.0,,27.0,10.0,8.0,23.0,14.0,37.0,8.0,6.0,18.0,4.0,1.0,88.0,5.0,5.0,19,27.0,4.0,50,10.0,60,,4.0,3.0,1.0,19.0,4.0,7.0,11.0,,12.0,,1.0,30,,4.0,4,21,1.0,1.0,5.0,24,32,5.0,17.0,,1.0,3.0,2.0,1.0,3.0,1.0,,27,136,3.0,1.0,0.36,0.3829787234042553,0.6363636363636364,0.34375,0.6666666666666666,0.42857142857142855,0.34375,0.5434782608695652,0.7777777777777778,0.3181818181818182,0.5362903225806451,0.8333333333333334,0.39655172413793105,0.5948905109489051,0.8461538461538461,0.43548387096774194,0.25806451612903225,0.08695652173913043,0.08333333333333333,0.10810810810810811,25.075075075075073,0.6333333333333333,0.19047619047619047,0.1588235294117647,0.033783783783783786,0.1623931623931624,0.038461538461538464,0.1602787456445993,0.03597122302158273,0.05357142857142857,0.01639344262295082,0.05,,0.11594202898550725,0.19047619047619047,0.18421052631578946,0.17204301075268819,0.125,,0.3333333333333333,0.2903225806451613,0.6111111111111112,0.6666666666666666,0.36363636363636365,0.29838709677419356,0.5135135135135135,0.5757575757575758,0.42105263157894735,0.1532258064516129,0.47368421052631576,0.5,0.2222222222222222,0.04032258064516129,0.2,0.2,1.0,0.21774193548387097,0.37037037037037035,0.37037037037037035,0.6,0.25,1.0,,0.08333333333333333,,,0.16666666666666666,1.0,1.0,0.27586206896551724,0.25,0.06896551724137931,,0.1724137931034483,0.5483870967741935,0.37037037037037035,0.49135040322580653,0.5061687500000001,0.4533672413793103,0.125,0.16346153846153846,,0.13496932515337423,0.1656441717791411,8.290217391304349,25.7,0.23063973063973064,3.0,,,,1.0,,,,,,0.03225806451612903,0.6,,,,,,,,,0.05263157894736842,,True,,
202683,1610612738,Enes Kanter,Enes Kanter,202683,BOS,22743.0,379,64.0,762,761,177,158,98,1523,69,107,28.0,54.0,14.0,24,12.0,29,3.0,8.0,,,,,,,,1.0,,1.0,,84,144,,1.0,25.0,193,791,32.0,59.0,,1.0,5.0,69.0,17,31,,,7.0,41,70,98.0,,,50.0,,1.0,,17.0,11.0,13.0,24.0,9.0,4.0,6.0,3.0,2.0,61.0,17.0,54.0,37,52.0,5.0,94,73.0,167,8.0,9.0,4.0,5.0,9.0,1.0,4.0,14.0,,5.0,,4.0,23,2.0,6.0,23,45,1.0,5.0,7.0,34,38,4.0,17.0,,4.0,16.0,8.0,8.0,16.0,7.0,,41,177,1.0,4.0,0.4166666666666667,0.5932203389830508,,,,,,0.5833333333333334,0.5423728813559322,0.5483870967741935,0.5793103448275863,0.5333333333333333,0.5483870967741935,0.595679012345679,0.5307692307692308,0.5694444444444444,0.006896551724137931,0.11805555555555555,0.102803738317757,0.20689655172413793,20.92760180995475,0.391304347826087,0.29411764705882354,0.23963133640552994,0.24107142857142858,0.20903954802259886,0.11258278145695365,0.22588832487309646,0.18933333333333333,0.30851063829787234,0.2413793103448276,0.09166666666666666,0.1935483870967742,0.2537313432835821,0.22448979591836735,0.25,0.19444444444444445,0.2727272727272727,0.18604651162790697,0.4375,0.7379310344827587,0.6448598130841121,0.71875,0.42028985507246375,0.2,0.41379310344827586,0.5217391304347826,0.25,0.05517241379310345,0.375,0.375,1.0,,,,,0.006896551724137931,,,,0.9,0.5185185185185185,0.03571428571428571,,,,0.016666666666666666,,,0.7741935483870968,0.5833333333333334,,,,0.7448275862068966,,0.5284044827586206,0.577527,0.5295032258064516,0.10759493670886076,0.10828025477707007,,0.35751295336787564,0.21243523316062177,3.318055555555556,24.8,0.23228346456692914,,,9.0,,,,,,,,0.09302325581395349,,,,2.0,,0.1111111111111111,,,,,1.0,True,,
1629035,1610612738,Carsen Edwards,Carsen Edwards,1629035,BOS,10080.0,168,-32.0,350,354,159,133,34,704,4,10,,1.0,1.0,5,,4,4.0,9.0,,5.0,,1.0,,2.0,10.0,33.0,,1.0,12.0,8,23,10.0,38.0,7.0,53,361,,2.0,,2.0,,,3,10,4.0,14.0,3.0,21,4,12.0,21.0,9.0,,,33.0,10.0,2.0,6.0,3.0,9.0,3.0,,4.0,,2.0,21.0,1.0,,13,6.0,1.0,20,1.0,21,,9.0,5.0,4.0,2.0,,2.0,4.0,,,3.0,,6,,1.0,10,15,,,1.0,6,10,,,2.0,2.0,1.0,,1.0,1.0,,,21,159,2.0,2.0,0.25,0.25,0.7,0.2631578947368421,,0.2857142857142857,0.2631578947368421,0.34782608695652173,,0.3,0.3770491803278688,,0.375,0.4076923076923077,,0.40384615384615385,0.6229508196721312,0.08695652173913043,0.2,,18.112244897959183,0.3333333333333333,0.09090909090909091,0.06451612903225806,,0.15853658536585366,0.011764705882352941,0.10857142857142857,0.005649717514124294,,,,0.05,0.024390243902439025,0.15625,,0.16216216216216217,0.125,,,0.16393442622950818,0.4,0.5,0.25,0.06557377049180328,,,,0.14754098360655737,0.4444444444444444,0.4444444444444444,0.25,0.08196721311475409,,,,0.5409836065573771,0.30303030303030304,0.30303030303030304,0.7,0.25,,,0.25,,,0.25,,,0.20833333333333334,0.2,0.08333333333333333,,0.5,0.7868852459016393,0.30303030303030304,0.5163975409836067,0.48539999999999994,0.5157041666666667,0.031746031746031744,,0.05,,0.39622641509433965,10.052173913043477,25.694736842105264,0.4542857142857143,4.0,,1.0,1.0,,,,,,,,0.3333333333333333,,,,,,,,,,,True,,
1629750,1610612738,Javonte Green,Javonte Green,1629750,BOS,11077.0,185,-77.0,386,388,120,121,44,774,19,29,4.0,10.0,6.0,9,6.0,11,,,1.0,3.0,,,,1.0,3.0,10.0,,,3.0,25,40,4.0,13.0,14.0,76,438,4.0,11.0,,,3.0,11.0,7,12,1.0,4.0,6.0,23,28,22.0,12.0,,8.0,,10.0,3.0,2.0,7.0,2.0,9.0,1.0,1.0,5.0,2.0,,20.0,6.0,7.0,12,11.0,3.0,26,13.0,39,1.0,12.0,8.0,4.0,4.0,1.0,3.0,5.0,,1.0,1.0,2.0,9,,2.0,7,10,,2.0,1.0,12,20,,9.0,,1.0,2.0,1.0,1.0,3.0,2.0,,23,120,1.0,1.0,0.56,0.6666666666666666,1.0,0.3076923076923077,,0.25,0.3076923076923077,0.625,0.36363636363636365,0.5833333333333334,0.5849056603773585,0.36363636363636365,0.53125,0.6031746031746031,0.39285714285714285,0.575,0.24528301886792453,0.05,,0.18181818181818182,16.40091116173121,0.4444444444444444,0.21428571428571427,0.11578947368421053,0.0660377358490566,0.13043478260869565,0.07317073170731707,0.12299465240641712,0.06914893617021277,0.1,0.05263157894736842,0.07142857142857142,0.08333333333333333,0.06976744186046512,0.08333333333333333,0.3125,0.13333333333333333,0.11764705882352941,0.047619047619047616,0.6666666666666666,0.5471698113207547,0.6551724137931034,0.6551724137931034,0.47368421052631576,0.20754716981132076,0.5454545454545454,0.6666666666666666,0.8333333333333334,,,,,0.05660377358490566,0.3333333333333333,0.3333333333333333,1.0,0.18867924528301888,0.3,0.3,1.0,0.9090909090909091,0.4,,,,,,,,0.5625,0.6666666666666666,0.0625,,0.1875,0.7924528301886793,0.3,0.5486764150943395,0.5503666666666667,0.513771875,0.14516129032258066,0.1836734693877551,,0.14473684210526316,0.3026315789473684,3.2924999999999995,25.223076923076917,0.31088082901554404,1.0,,1.0,,,1.0,1.0,,,,,0.3333333333333333,,,,,,,,,,,True,,
1629738,1610612738,Vincent Poirier,Vincent Poirier,1629738,BOS,3565.0,59,-44.0,126,127,61,77,15,253,3,8,,3.0,,3,1.0,6,,4.0,,,,,,,,,,,,4,18,,,1.0,9,144,,4.0,,,,,1,9,,,,2,6,2.0,,,,,,,3.0,1.0,2.0,3.0,2.0,,,1.0,,8.0,2.0,5.0,2,7.0,1.0,10,7.0,17,,1.0,1.0,,2.0,,2.0,2.0,,,,,4,,1.0,5,12,,1.0,2.0,3,2,,1.0,,,5.0,3.0,2.0,5.0,3.0,,2,61,3.0,,0.75,0.75,,,,,,0.2222222222222222,,0.1111111111111111,0.2222222222222222,,0.1111111111111111,0.23684210526315788,,0.1111111111111111,,0.16666666666666666,0.25,0.16666666666666666,15.972222222222223,0.5,0.14285714285714285,0.1794871794871795,0.125,0.08,0.06896551724137931,0.140625,0.10144927536231885,0.2222222222222222,0.09090909090909091,0.08695652173913043,,0.13636363636363635,0.2727272727272727,0.16666666666666666,0.09090909090909091,,,0.6,0.4444444444444444,0.375,0.5,1.0,0.3333333333333333,0.16666666666666666,0.2,,0.2222222222222222,,,,,,,,,,,,0.75,,,,,,,,,0.3333333333333333,,,,,0.4444444444444444,,0.4834277777777778,0.55715,0.4487111111111111,0.05263157894736842,0.05263157894736842,,,0.2222222222222222,7.777777777777778,,0.48412698412698413,,,1.0,,,,,,,,,,,,,,,,,,,,True,,
1629641,1610612738,Romeo Langford,Romeo Langford,1629641,BOS,6801.0,113,-28.0,242,240,60,84,29,482,5,12,2.0,2.0,3.0,3,1.0,6,,,,5.0,,1.0,,,,5.0,,,2.0,6,18,,10.0,8.0,20,276,2.0,3.0,,1.0,,4.0,3,3,,2.0,5.0,11,4,8.0,,,4.0,,5.0,,6.0,3.0,3.0,6.0,2.0,1.0,1.0,2.0,,15.0,3.0,2.0,6,2.0,,8,5.0,13,1.0,,,,4.0,1.0,1.0,1.0,,3.0,,,5,1.0,3.0,4,6,,,,12,12,,5.0,,1.0,2.0,2.0,,2.0,1.0,,11,60,1.0,1.0,0.3333333333333333,0.5,,,,,,0.3333333333333333,0.6666666666666666,1.0,0.21428571428571427,0.5,0.6,0.29411764705882354,0.4,0.6111111111111112,0.35714285714285715,0.3333333333333333,0.3333333333333333,0.3333333333333333,14.028776978417268,0.8,,0.03278688524590164,0.0273972602739726,0.12244897959183673,0.0625,0.07272727272727272,0.04132231404958678,0.029411764705882353,0.034482758620689655,0.030303030303030304,0.13333333333333333,,0.08333333333333333,,0.11764705882352941,0.13333333333333333,0.0625,0.5,0.42857142857142855,0.4166666666666667,0.625,0.2,0.21428571428571427,0.16666666666666666,0.25,1.0,,,,,0.17857142857142858,,,,0.17857142857142858,,,,0.5,1.0,,0.25,,,,,,0.6,1.0,,,0.4,0.7857142857142857,,0.5493696428571428,0.5224666666666667,0.59209,0.15151515151515152,0.21739130434782608,,0.2,0.55,3.677777777777778,24.55,0.24793388429752067,,,1.0,3.0,,,,,,,,,2.0,,,,,,,,,,True,,
1629682,1610612738,Tremont Waters,Tremont Waters,1629682,BOS,4302.0,72,-4.0,146,143,23,35,20,289,3,7,,,1.0,3,,6,2.0,4.0,,3.0,,1.0,,,4.0,11.0,,,2.0,5,17,4.0,14.0,2.0,24,150,1.0,1.0,,1.0,,2.0,1,3,,2.0,2.0,4,2,8.0,3.0,9.0,,,11.0,4.0,2.0,5.0,4.0,9.0,2.0,2.0,4.0,1.0,,22.0,,,5,3.0,,8,,8,,6.0,2.0,4.0,8.0,3.0,7.0,5.0,2.0,1.0,,,13,,,2,6,,,,3,2,,,,1.0,2.0,,2.0,2.0,1.0,,4,23,1.0,,0.2,0.2,0.25,0.2857142857142857,,,0.2857142857142857,0.29411764705882354,1.0,0.3333333333333333,0.3548387096774194,0.5,0.2,0.375,0.5,0.3333333333333333,0.45161290322580644,0.11764705882352941,,0.3333333333333333,26.627218934911244,0.6153846153846154,,0.06382978723404255,,0.1724137931034483,,0.10526315789473684,,,,,,,0.08695652173913043,0.1,0.22727272727272727,,,0.5,0.22580645161290322,0.42857142857142855,0.42857142857142855,,0.1935483870967742,,,,0.12903225806451613,0.5,0.5,0.5,0.0967741935483871,,,,0.3548387096774194,0.36363636363636365,0.36363636363636365,0.25,,,,0.5,,,,,,0.6,0.3333333333333333,,,0.4,0.6774193548387096,0.36363636363636365,0.48687580645161294,0.3409,0.43327,,,,0.08333333333333333,0.16666666666666666,8.435294117647057,26.264285714285716,0.15753424657534246,,,,,,,,,,,,,,,,,,,,,,,True,,
1629605,1610612738,Tacko Fall,Tacko Fall,1629605,BOS,879.0,15,3.0,31,31,29,21,1,62,5,6,1.0,1.0,5.0,6,1.0,2,,,,,,,,,,,,,,6,8,,,,12,31,1.0,1.0,,,,2.0,6,8,,,,12,12,,,,,,,,,,,,,,,,,,,,6,,1.0,7,,7,,,,,,,,1.0,,,,,1,,1.0,5,6,,,,2,1,1.0,1.0,,,1.0,,1.0,1.0,,,12,29,,,1.0,1.0,,,,,,0.75,1.0,0.75,0.75,1.0,0.75,0.75,1.0,0.75,,,,,28.125,,0.3333333333333333,,,0.46153846153846156,,0.35294117647058826,,,,,,,,,0.4444444444444444,0.5,,,0.75,0.8333333333333334,0.8333333333333334,1.0,0.25,0.5,0.5,1.0,,,,,,,,,,,,,1.0,1.0,1.0,,,,,,,0.75,0.8333333333333334,,,,0.75,,0.5324875,0.7047,0.5324875,0.125,0.125,,0.16666666666666666,1.0,2.9,,0.9354838709677419,,,,,,,,,,,,,,,,,,,,,,,True,,
1627759,1610612738,Jaylen Brown,Jaylen Brown,1627759,BOS,93806.0,1563,254.0,3204,3212,794,859,375,6416,149,235,16.0,31.0,32.0,54,62.0,139,28.0,63.0,37.0,75.0,3.0,8.0,12.0,20.0,72.0,193.0,9.0,20.0,52.0,239,437,109.0,268.0,141.0,946,3509,21.0,47.0,12.0,28.0,8.0,86.0,54,97,29.0,72.0,48.0,243,222,256.0,294.0,33.0,24.0,1.0,192.0,72.0,51.0,60.0,30.0,90.0,22.0,8.0,42.0,12.0,6.0,210.0,24.0,23.0,119,105.0,13.0,237,50.0,287,15.0,53.0,29.0,24.0,46.0,10.0,21.0,46.0,9.0,25.0,5.0,8.0,92,8.0,22.0,52,135,4.0,12.0,8.0,160,199,21.0,86.0,7.0,16.0,14.0,6.0,7.0,15.0,6.0,,241,784,19.0,14.0,0.46443514644351463,0.4889867841409692,0.8990825688073395,0.40671641791044777,0.42857142857142855,0.4027777777777778,0.40823970037453183,0.5469107551487414,0.44680851063829785,0.5567010309278351,0.5709219858156028,0.52,0.5769230769230769,0.5981012658227848,0.5375,0.6075,0.3801418439716312,0.11670480549199085,0.1276595744680851,0.14388489208633093,24.237427864798022,0.5,0.13541666666666666,0.12995049504950495,0.027544910179640718,0.16831683168316833,0.0365296803652968,0.14785478547854786,0.03150134048257373,0.03823529411764706,0.025157232704402517,0.03917910447761194,0.024793388429752067,0.15282392026578073,0.10263929618768329,0.14457831325301204,0.16928446771378708,0.16417910447761194,0.04983388704318937,0.4,0.3333333333333333,0.6340425531914894,0.7268292682926829,0.5369127516778524,0.1971631205673759,0.4460431654676259,0.5210084033613446,0.2903225806451613,0.08936170212765958,0.4444444444444444,0.45161290322580644,0.4642857142857143,0.10638297872340426,0.49333333333333335,0.49333333333333335,0.972972972972973,0.27375886524822696,0.37305699481865284,0.375,0.8611111111111112,0.41333333333333333,0.5161290322580645,0.1875,0.10666666666666667,0.375,0.6666666666666666,0.26666666666666666,0.45,0.8888888888888888,0.31952662721893493,0.5925925925925926,0.11834319526627218,0.6,0.3076923076923077,0.7134751773049646,0.375,0.5249252130681816,0.49996500000000005,0.5185410714285714,0.12015503875968993,0.17131474103585656,0.025735294117647058,0.09090909090909091,0.2568710359408034,6.082379862700232,25.348134328358213,0.24781523096129837,17.0,1.0,6.0,8.0,1.0,1.0,1.0,,0.0037313432835820895,0.0051813471502590676,0.011299435028248588,0.3269230769230769,,,3.0,1.0,0.030612244897959183,,3.0,,0.015873015873015872,,False,2.0,
1628369,1610612738,Jayson Tatum,Jayson Tatum,1628369,BOS,106491.0,1775,390.0,3679,3652,939,1028,417,7331,173,279,25.0,42.0,42.0,68,72.0,183,40.0,115.0,28.0,71.0,5.0,9.0,3.0,17.0,116.0,276.0,4.0,11.0,71.0,285,577,144.0,347.0,187.0,1189,3887,32.0,67.0,9.0,20.0,11.0,102.0,71,139,32.0,88.0,59.0,297,268,302.0,252.0,180.0,16.0,2.0,274.0,116.0,45.0,91.0,62.0,153.0,43.0,19.0,57.0,22.0,12.0,368.0,16.0,33.0,127,128.0,41.0,296,49.0,345,19.0,82.0,60.0,22.0,72.0,12.0,32.0,50.0,4.0,40.0,2.0,9.0,122,7.0,27.0,33,98,3.0,2.0,16.0,174,230,16.0,94.0,3.0,21.0,38.0,18.0,14.0,44.0,25.0,,292,926,12.0,14.0,0.47017543859649125,0.48375451263537905,0.5833333333333334,0.414985590778098,0.45,0.36363636363636365,0.41739130434782606,0.49393414211438474,0.47761194029850745,0.5107913669064749,0.5422077922077922,0.5229885057471264,0.5242290748898678,0.5755360623781677,0.5425531914893617,0.5689655172413793,0.37554112554112556,0.0779896013864818,0.08960573476702509,0.09836065573770492,27.567957661775317,0.5901639344262295,0.3904761904761905,0.13719185423365488,0.03459119496855346,0.16558018252933507,0.02077922077922078,0.15,0.02842227378190255,0.03307888040712468,0.04178272980501393,0.022653721682847898,0.013157894736842105,0.10029498525073746,0.13520408163265307,0.20297029702970298,0.1775244299674267,0.11764705882352941,0.043478260869565216,0.5681818181818182,0.30194805194805197,0.6200716845878136,0.6811023622047244,0.5086705202312138,0.19805194805194806,0.39344262295081966,0.43636363636363634,0.375,0.12445887445887446,0.34782608695652173,0.35398230088495575,0.475,0.07683982683982683,0.39436619718309857,0.4,0.75,0.2987012987012987,0.42028985507246375,0.4218181818181818,0.5431034482758621,0.4827586206896552,0.5952380952380952,0.4,0.10344827586206896,0.5555555555555556,0.6,0.12643678160919541,0.36363636363636365,1.0,0.29955947136563876,0.6176470588235294,0.07488986784140969,0.17647058823529413,0.31277533039647576,0.6774891774891775,0.4233576642335766,0.5105938720173536,0.5172966666666666,0.4946826666666665,0.09561752988047809,0.1435114503816794,0.0057306590257879654,0.08578637510513036,0.24978973927670312,7.057538994800692,25.740634005763695,0.2552324001087252,29.0,2.0,8.0,3.0,8.0,6.0,4.0,1.0,0.005763688760806916,0.0036231884057971015,0.024752475247524754,0.4084507042253521,,2.0,,6.0,,,,0.014084507042253521,0.017391304347826087,,False,1.0,1.0
1628464,1610612738,Daniel Theis,Daniel Theis,1628464,BOS,77892.0,1298,201.0,2653,2647,584,571,291,5300,130,187,38.0,62.0,28.0,34,33.0,70,9.0,20.0,5.0,14.0,1.0,3.0,1.0,3.0,24.0,63.0,2.0,5.0,9.0,172,277,29.0,77.0,73.0,504,2819,45.0,74.0,3.0,8.0,26.0,125.0,36,47,2.0,12.0,32.0,110,274,70.0,87.0,,58.0,2.0,61.0,24.0,25.0,51.0,43.0,94.0,38.0,5.0,30.0,15.0,6.0,231.0,28.0,81.0,113,116.0,10.0,239,112.0,351,14.0,31.0,25.0,6.0,19.0,4.0,13.0,22.0,1.0,6.0,,7.0,41,3.0,5.0,99,183,,18.0,10.0,114,94,12.0,40.0,,13.0,59.0,35.0,24.0,61.0,39.0,,110,577,15.0,12.0,0.7965116279069767,0.958041958041958,1.0,0.37662337662337664,0.375,0.16666666666666666,0.38666666666666666,0.6209386281588448,0.6081081081081081,0.7659574468085106,0.6087570621468926,0.6036585365853658,0.6610169491525424,0.6379746835443038,0.6443298969072165,0.7051282051282052,0.2175141242937853,0.09025270758122744,0.10160427807486631,0.08571428571428572,14.630872483221475,0.4634146341463415,0.14285714285714285,0.16453900709219857,0.12035661218424963,0.1934931506849315,0.04674457429048414,0.17765709852598913,0.08569182389937106,0.12222222222222222,0.11538461538461539,0.045548654244306416,0.05172413793103448,0.17153284671532848,0.16666666666666666,0.1450381679389313,0.1934782608695652,0.1935483870967742,0.11290322580645161,0.639344262295082,0.5282485875706214,0.6951871657754011,0.7738095238095238,0.7307692307692307,0.1977401129943503,0.4714285714285714,0.515625,1.0,0.05649717514124294,0.45,0.45,1.0,0.03954802259887006,0.35714285714285715,0.35714285714285715,1.0,0.17796610169491525,0.38095238095238093,0.38095238095238093,1.0,0.7560975609756098,0.6129032258064516,0.18421052631578946,0.036585365853658534,0.3333333333333333,1.0,0.06097560975609756,0.4,1.0,0.576271186440678,0.8235294117647058,0.05084745762711865,0.3333333333333333,0.15254237288135594,0.7457627118644068,0.39344262295081966,0.5322488636363637,0.5618389705882352,0.5471499999999999,0.10471204188481675,0.13114754098360656,,0.24801587301587302,0.21825396825396826,4.387003610108305,26.29480519480519,0.22012815680361855,1.0,,20.0,7.0,,2.0,2.0,11.0,,,0.1258741258741259,0.1111111111111111,7.0,,3.0,,0.043478260869565216,,,,,,False,1.0,
1629035,1610612738,Carsen Edwards,Carsen Edwards,1629035,BOS,10951.0,183,-15.0,393,394,103,152,47,787,3,11,,3.0,,1,,6,7.0,12.0,1.0,4.0,,,1.0,2.0,13.0,34.0,,,9.0,10,29,14.0,38.0,6.0,68,412,,6.0,,,2.0,2.0,1,5,3.0,11.0,1.0,12,14,6.0,27.0,15.0,,,34.0,13.0,4.0,12.0,3.0,15.0,2.0,1.0,10.0,,2.0,33.0,1.0,4.0,13,8.0,,21,5.0,26,1.0,3.0,2.0,1.0,7.0,1.0,7.0,2.0,,,,,9,2.0,2.0,8,19,,,1.0,13,9,1.0,4.0,,1.0,2.0,1.0,1.0,3.0,1.0,,12,103,6.0,,0.7,0.7,0.6428571428571429,0.3684210526315789,,0.2727272727272727,0.3684210526315789,0.3448275862068966,,0.2,0.4626865671641791,,0.34375,0.4788732394366197,0.14285714285714285,0.35294117647058826,0.5671641791044776,0.13793103448275862,0.2727272727272727,0.16666666666666666,17.362637362637365,0.7777777777777778,,0.09302325581395349,0.036036036036036036,0.15476190476190477,0.011363636363636364,0.12352941176470589,0.02512562814070352,0.08163265306122448,,0.013157894736842105,,,0.10256410256410256,0.2,0.14705882352941177,0.1875,0.027777777777777776,0.3333333333333333,0.16417910447761194,0.2727272727272727,0.375,0.6666666666666666,0.08955223880597014,,,,0.1791044776119403,0.5833333333333334,0.5833333333333334,0.7142857142857143,0.05970149253731343,0.25,0.25,1.0,0.5074626865671642,0.38235294117647056,0.3939393939393939,0.6153846153846154,0.5,,,,,,,,,0.0625,,0.125,0.5,0.5625,0.7313432835820896,0.38235294117647056,0.5072393939393938,0.452725,0.49221875000000004,0.05714285714285714,0.125,,0.029411764705882353,0.17647058823529413,9.613793103448279,26.044736842105262,0.26208651399491095,2.0,1.0,1.0,2.0,,1.0,,,0.02631578947368421,0.029411764705882353,,0.2222222222222222,1.0,1.0,,,,,,,,,False,,
202330,1610612738,Gordon Hayward,Gordon Hayward,202330,BOS,87194.0,1453,374.0,3042,3011,828,854,325,6053,108,152,13.0,24.0,24.0,42,63.0,135,44.0,99.0,19.0,44.0,,3.0,5.0,11.0,55.0,146.0,7.0,12.0,44.0,215,386,74.0,190.0,94.0,746,3208,20.0,46.0,7.0,15.0,7.0,68.0,48,97,22.0,55.0,41.0,203,222,208.0,192.0,30.0,26.0,1.0,145.0,55.0,28.0,108.0,67.0,175.0,47.0,20.0,77.0,22.0,9.0,417.0,23.0,22.0,112,107.0,24.0,243,45.0,288,11.0,34.0,28.0,6.0,37.0,10.0,20.0,29.0,4.0,17.0,,3.0,66,6.0,21.0,30,75,4.0,4.0,8.0,107,113,12.0,46.0,1.0,15.0,19.0,9.0,10.0,19.0,14.0,,199,816,6.0,12.0,0.5162790697674419,0.5495049504950495,0.8648648648648649,0.3894736842105263,0.4666666666666667,0.4,0.3915343915343915,0.5569948186528497,0.43478260869565216,0.4948453608247423,0.5659722222222222,0.5,0.5328947368421053,0.5958466453674122,0.5230769230769231,0.5867052023121387,0.3298611111111111,0.07253886010362694,0.05921052631578947,0.14074074074074075,20.29964747356052,0.5606060606060606,0.2823529411764706,0.13226205191594562,0.028423772609819122,0.1848184818481848,0.03776683087027915,0.15477031802120142,0.03253796095444685,0.03257328990228013,0.03289473684210526,0.032454361054766734,0.0603448275862069,0.08496732026143791,0.13450292397660818,0.21739130434782608,0.19096509240246407,0.15966386554621848,0.043137254901960784,0.7368421052631579,0.2638888888888889,0.7105263157894737,0.7552447552447552,0.6203703703703703,0.234375,0.4666666666666667,0.5431034482758621,0.38095238095238093,0.171875,0.4444444444444444,0.4444444444444444,0.45454545454545453,0.0763888888888889,0.4318181818181818,0.4318181818181818,1.0,0.2534722222222222,0.3767123287671233,0.38461538461538464,0.8181818181818182,0.39344262295081966,0.5416666666666666,0.07692307692307693,0.04918032786885246,,,0.19672131147540983,0.5833333333333334,0.5714285714285714,0.27631578947368424,0.5714285714285714,0.07236842105263158,0.45454545454545453,0.2894736842105263,0.59375,0.3793103448275862,0.5037679130434785,0.4830965116279069,0.5049562913907285,0.07692307692307693,0.10952380952380952,0.005235602094240838,0.09115281501340483,0.27211796246648795,8.645336787564766,25.670526315789477,0.27218934911242604,17.0,3.0,4.0,3.0,,,,,0.015789473684210527,0.02054794520547945,0.012269938650306749,0.38636363636363635,,,,,,,,,,,False,,
202689,1610612738,Kemba Walker,Kemba Walker,202689,BOS,82198.0,1370,235.0,2824,2807,682,737,311,5631,88,153,7.0,12.0,20.0,34,26.0,85,41.0,81.0,8.0,24.0,1.0,4.0,1.0,5.0,126.0,323.0,6.0,14.0,91.0,155,319,134.0,347.0,161.0,873,3067,12.0,21.0,7.0,18.0,6.0,51.0,31,72,34.0,96.0,64.0,228,78,232.0,189.0,213.0,6.0,2.0,321.0,126.0,46.0,125.0,81.0,206.0,54.0,27.0,85.0,28.0,12.0,493.0,12.0,21.0,54,84.0,1.0,139,33.0,172,8.0,40.0,22.0,18.0,54.0,14.0,28.0,37.0,12.0,26.0,1.0,6.0,91,5.0,17.0,43,73,1.0,1.0,,168,184,13.0,54.0,15.0,18.0,19.0,10.0,7.0,22.0,15.0,,223,673,5.0,12.0,0.25161290322580643,0.2565789473684211,0.4701492537313433,0.3861671469740634,0.3888888888888889,0.3541666666666667,0.3884057971014493,0.48589341692789967,0.5714285714285714,0.4305555555555556,0.5345345345345346,0.5769230769230769,0.4880952380952381,0.5825439783491204,0.5975609756097561,0.5618811881188119,0.521021021021021,0.14420062695924765,0.1568627450980392,0.24705882352941178,25.996860282574566,0.5934065934065934,0.011764705882352941,0.11336032388663968,0.029288702928870293,0.09262435677530018,0.019736842105263157,0.1042296072507553,0.02490566037735849,0.02287581699346405,0.03717472118959108,0.024096385542168676,,0.11072664359861592,0.1232876712328767,0.1,0.0944206008583691,0.08547008547008547,0.025236593059936908,0.6818181818181818,0.22972972972972974,0.5751633986928104,0.6821705426356589,0.23863636363636365,0.12762762762762764,0.3058823529411765,0.40625,0.19230769230769232,0.12162162162162163,0.5061728395061729,0.5125,0.3170731707317073,0.036036036036036036,0.3333333333333333,0.34782608695652173,1.0,0.484984984984985,0.39009287925696595,0.39622641509433965,0.4365079365079365,0.3076923076923077,0.5833333333333334,0.14285714285714285,0.10256410256410256,0.25,1.0,0.358974358974359,0.42857142857142855,0.3333333333333333,0.20238095238095238,0.5882352941176471,0.02976190476190476,0.2,0.5416666666666666,0.7507507507507507,0.3925233644859813,0.5138371040723982,0.5289673076923077,0.4915036363636363,0.0957004160887656,0.15,0.04155124653739612,0.058419243986254296,0.2611683848797251,7.589341692789967,26.148126801152742,0.2415014164305949,33.0,6.0,5.0,11.0,12.0,3.0,3.0,,0.01729106628242075,0.015479876160990712,0.028169014084507043,0.3626373626373626,14.0,,,2.0,,,1.0,0.041666666666666664,0.012345679012345678,,False,,
202954,1610612738,Brad Wanamaker,Brad Wanamaker,202954,BOS,51120.0,852,174.0,1778,1771,480,608,194,3549,53,78,4.0,5.0,16.0,23,16.0,48,9.0,24.0,4.0,6.0,,,,1.0,15.0,52.0,4.0,7.0,17.0,78,150,19.0,58.0,89.0,302,1901,4.0,6.0,4.0,7.0,4.0,24.0,26,45,2.0,18.0,28.0,86,62,94.0,48.0,9.0,4.0,,52.0,15.0,14.0,66.0,51.0,117.0,41.0,10.0,43.0,12.0,11.0,285.0,6.0,8.0,33,41.0,1.0,75,14.0,89,2.0,41.0,9.0,32.0,23.0,9.0,14.0,26.0,4.0,9.0,2.0,8.0,49,6.0,8.0,38,90,2.0,5.0,,66,94,8.0,43.0,,8.0,6.0,3.0,3.0,6.0,4.0,,84,477,9.0,6.0,0.3974358974358974,0.40789473684210525,0.8421052631578947,0.3275862068965517,0.5714285714285714,0.1111111111111111,0.3275862068965517,0.52,0.6666666666666666,0.5777777777777777,0.5120192307692307,0.7692307692307693,0.4603174603174603,0.601593625498008,0.8,0.5584415584415584,0.27884615384615385,0.09333333333333334,0.07692307692307693,0.14583333333333334,15.007503751875939,0.46938775510204084,0.01639344262295082,0.09382151029748284,0.017897091722595078,0.0829145728643216,0.01791044776119403,0.08862275449101796,0.017902813299232736,0.018072289156626505,0.015789473684210527,0.01824817518248175,0.01639344262295082,0.09868421052631579,0.10416666666666667,0.06451612903225806,0.056962025316455694,0.18292682926829268,0.021052631578947368,0.6666666666666666,0.375,0.6794871794871795,0.7361111111111112,0.4339622641509434,0.23076923076923078,0.3333333333333333,0.3902439024390244,0.4375,0.11538461538461539,0.375,0.391304347826087,0.1111111111111111,0.028846153846153848,0.6666666666666666,0.6666666666666666,1.0,0.25,0.28846153846153844,0.28846153846153844,0.8,0.38461538461538464,0.8,0.5,,,,0.5384615384615384,0.5714285714285714,1.0,0.36507936507936506,0.6956521739130435,0.015873015873015872,,0.2698412698412698,0.6538461538461539,0.28846153846153844,0.5138016826923079,0.5608166666666666,0.4866666666666667,0.17695473251028807,0.23243243243243245,,0.07947019867549669,0.2847682119205298,6.740000000000001,25.781034482758628,0.26996625421822273,2.0,,1.0,1.0,,,,,,,0.02197802197802198,0.11764705882352941,1.0,,,,,,,,0.041666666666666664,,False,,
1629641,1610612738,Romeo Langford,Romeo Langford,1629641,BOS,15389.0,256,95.0,531,533,156,196,63,1064,12,21,2.0,6.0,4.0,6,3.0,11,2.0,3.0,3.0,9.0,,,1.0,3.0,2.0,8.0,,1.0,3.0,17,35,5.0,17.0,10.0,59,530,3.0,7.0,,1.0,,6.0,4,8,1.0,6.0,8.0,19,18,16.0,15.0,,6.0,1.0,7.0,2.0,5.0,4.0,3.0,7.0,3.0,,2.0,1.0,1.0,17.0,2.0,8.0,6,10.0,2.0,18,10.0,28,2.0,8.0,5.0,3.0,4.0,,2.0,2.0,,2.0,1.0,,6,1.0,1.0,15,27,1.0,3.0,,12,13,,3.0,1.0,2.0,6.0,4.0,2.0,6.0,6.0,,17,155,3.0,1.0,0.5294117647058824,0.6428571428571429,1.0,0.29411764705882354,,0.16666666666666666,0.3125,0.4857142857142857,0.42857142857142855,0.5,0.47115384615384615,0.375,0.39285714285714285,0.5086206896551724,0.375,0.5277777777777778,0.3269230769230769,0.14285714285714285,0.19047619047619047,0.09090909090909091,10.543657331136737,0.6666666666666666,0.1,0.07142857142857142,0.05405405405405406,0.05454545454545454,0.0196078431372549,0.064,0.04,0.07692307692307693,0.03508771929824561,0.02531645569620253,,0.034482758620689655,0.1,0.09375,0.06741573033707865,,0.08333333333333333,1.0,0.40384615384615385,0.5714285714285714,0.7058823529411765,0.5,0.21153846153846154,0.2727272727272727,0.3,0.3333333333333333,0.057692307692307696,0.6666666666666666,0.6666666666666666,1.0,0.17307692307692307,0.3333333333333333,0.3333333333333333,1.0,0.15384615384615385,0.25,0.25,1.0,0.75,0.3333333333333333,,,,,0.125,,,0.42857142857142855,0.6666666666666666,0.21428571428571427,0.3333333333333333,0.21428571428571427,0.7307692307692307,0.2857142857142857,0.5087686274509804,0.5645214285714286,0.4936846153846154,0.07142857142857142,0.07894736842105263,0.05555555555555555,0.1016949152542373,0.3220338983050847,4.502857142857144,26.405882352941177,0.2937853107344633,,,,2.0,,,,,,,0.038461538461538464,,3.0,,,,,,,,,,False,,
203935,1610612738,Marcus Smart,Marcus Smart,203935,BOS,89973.0,1500,263.0,3130,3122,983,969,372,6252,33,69,3.0,10.0,8.0,21,42.0,107,9.0,38.0,17.0,45.0,1.0,6.0,1.0,4.0,81.0,253.0,7.0,26.0,83.0,84,214,98.0,298.0,98.0,560,3326,7.0,23.0,8.0,32.0,7.0,45.0,24,68,27.0,87.0,43.0,172,54,114.0,219.0,75.0,4.0,4.0,249.0,81.0,17.0,163.0,82.0,245.0,52.0,30.0,112.0,27.0,24.0,572.0,14.0,19.0,67,74.0,6.0,147,35.0,182,8.0,87.0,61.0,26.0,47.0,14.0,36.0,31.0,,11.0,5.0,6.0,78,6.0,30.0,57,122,3.0,5.0,1.0,118,120,6.0,32.0,9.0,18.0,24.0,14.0,9.0,26.0,18.0,,170,973,15.0,18.0,0.32142857142857145,0.32926829268292684,0.7448979591836735,0.3288590604026846,0.25,0.3103448275862069,0.3333333333333333,0.3925233644859813,0.30434782608695654,0.35294117647058826,0.451171875,0.34545454545454546,0.4161290322580645,0.49645390070921985,0.375,0.47513812154696133,0.58203125,0.0794392523364486,0.11594202898550725,0.06542056074766354,18.069237264283704,0.6025641025641025,0.06521739130434782,0.09378960709759189,0.0231990231990232,0.0975254730713246,0.020958083832335328,0.09552845528455285,0.02219233355749832,0.023054755043227664,0.025396825396825397,0.018691588785046728,0.03007518796992481,0.11683848797250859,0.0736196319018405,0.09302325581395349,0.09549549549549549,0.10606060606060606,0.026402640264026403,0.6923076923076923,0.134765625,0.4782608695652174,0.5409836065573771,0.21212121212121213,0.208984375,0.3925233644859813,0.42,0.40476190476190477,0.07421875,0.23684210526315788,0.25,0.3333333333333333,0.087890625,0.37777777777777777,0.37777777777777777,1.0,0.494140625,0.3201581027667984,0.3201581027667984,0.691358024691358,0.18181818181818182,0.3,0.6666666666666666,0.10909090909090909,0.16666666666666666,1.0,0.4727272727272727,0.2692307692307692,0.8571428571428571,0.13548387096774195,0.38095238095238093,0.025806451612903226,0.25,0.535483870967742,0.716796875,0.3253012048192771,0.5078156496062991,0.4884487804878048,0.47477284768211914,0.07509157509157509,0.13333333333333333,0.029411764705882353,0.08035714285714286,0.30714285714285716,7.883177570093459,26.15134228187919,0.31405750798722043,26.0,,6.0,15.0,1.0,2.0,2.0,1.0,,,0.01910828025477707,0.3132530120481928,9.0,,2.0,1.0,0.022988505747126436,,1.0,,0.05263157894736842,,False,,
1629682,1610612738,Tremont Waters,Tremont Waters,1629682,BOS,2817.0,47,24.0,98,100,42,46,17,198,3,3,,,2.0,2,2.0,5,,,,1.0,,1.0,,,,9.0,,1.0,2.0,5,8,,10.0,6.0,16,98,,,,2.0,,,3,4,,2.0,4.0,10,2,8.0,,,,,9.0,,,4.0,3.0,7.0,1.0,2.0,2.0,,2.0,17.0,,,3,1.0,,4,,4,,4.0,2.0,2.0,2.0,,1.0,,,1.0,,,2,,1.0,3,7,,,,3,6,,1.0,,2.0,,,,,,,10,42,2.0,2.0,0.2,0.2,,,,,,0.625,,0.75,0.2777777777777778,,0.5,0.38095238095238093,,0.625,0.5555555555555556,,,,19.65811965811966,1.0,,0.041666666666666664,,0.13043478260869565,,0.0851063829787234,,,,,,0.14285714285714285,,,0.1111111111111111,0.2,,,0.16666666666666666,1.0,1.0,0.3333333333333333,0.2777777777777778,0.4,0.4,,,,,,0.05555555555555555,,,,0.5,,,,,,,0.5,,,0.5,,,0.3333333333333333,1.0,,,0.3333333333333333,0.7222222222222222,,0.5010277777777777,0.54915,0.5261166666666667,0.05263157894736842,0.1111111111111111,,,0.625,5.6125,26.610000000000003,0.42857142857142855,,,,,,,,,,,,,,,,,,,,,,,False,,
1629684,1610612738,Grant Williams,Grant Williams,1629684,BOS,50194.0,837,173.0,1743,1745,524,615,206,3488,35,55,10.0,18.0,11.0,18,11.0,27,2.0,6.0,12.0,40.0,1.0,2.0,3.0,10.0,7.0,36.0,,4.0,5.0,48,88,19.0,76.0,30.0,183,1854,13.0,24.0,1.0,6.0,3.0,32.0,16,30,3.0,15.0,15.0,56,62,34.0,54.0,3.0,24.0,1.0,35.0,7.0,11.0,33.0,18.0,51.0,15.0,3.0,21.0,7.0,5.0,120.0,21.0,23.0,37,51.0,8.0,96,44.0,140,3.0,23.0,16.0,7.0,15.0,2.0,12.0,20.0,2.0,3.0,1.0,1.0,35,1.0,7.0,66,124,2.0,7.0,12.0,49,41,6.0,17.0,,7.0,26.0,17.0,7.0,30.0,18.0,,56,520,13.0,6.0,0.6458333333333334,0.8611111111111112,0.9473684210526315,0.25,0.16666666666666666,0.2,0.25333333333333335,0.5454545454545454,0.5416666666666666,0.5333333333333333,0.46646341463414637,0.48333333333333334,0.45555555555555555,0.5027472527472527,0.5161290322580645,0.5185185185185185,0.4634146341463415,0.125,0.14545454545454545,0.07407407407407407,10.89808274470232,0.42857142857142855,0.14285714285714285,0.12171837708830549,0.05263157894736842,0.09762532981530343,0.05570291777188329,0.11027568922305764,0.05405405405405406,0.03804347826086957,0.06857142857142857,0.0664451827242525,0.013157894736842105,0.14705882352941177,0.10857142857142857,0.1111111111111111,0.10163934426229508,0.08108108108108109,0.036585365853658534,0.6,0.3353658536585366,0.6363636363636364,0.7446808510638298,0.6857142857142857,0.16463414634146342,0.4074074074074074,0.44,0.45454545454545453,0.036585365853658534,0.3333333333333333,0.4,1.0,0.24390243902439024,0.3,0.3,0.9166666666666666,0.21951219512195122,0.19444444444444445,0.19444444444444445,1.0,0.6,0.5555555555555556,,0.06666666666666667,0.5,1.0,0.13333333333333333,,,0.4,0.6111111111111112,0.2222222222222222,0.3,0.1111111111111111,0.7987804878048781,0.2,0.52828773006135,0.5581775,0.5177136363636363,0.09714285714285714,0.1717171717171717,,0.17486338797814208,0.30601092896174864,4.6840909090909095,24.856578947368416,0.3006310958118187,,,5.0,7.0,,4.0,2.0,1.0,,,0.05128205128205128,,5.0,2.0,,2.0,,,,,0.16666666666666666,,False,,
1629750,1610612738,Javonte Green,Javonte Green,1629750,BOS,16995.0,283,46.0,592,602,169,265,61,1194,22,35,3.0,9.0,9.0,12,6.0,16,1.0,2.0,3.0,9.0,,,1.0,3.0,2.0,11.0,,,2.0,29,53,5.0,20.0,14.0,87,637,3.0,9.0,,,,6.0,11,16,1.0,5.0,5.0,30,40,18.0,15.0,,4.0,1.0,10.0,2.0,3.0,12.0,5.0,17.0,4.0,1.0,9.0,1.0,2.0,39.0,6.0,5.0,22,18.0,3.0,43,11.0,54,,12.0,8.0,4.0,9.0,2.0,5.0,5.0,1.0,4.0,,1.0,14,,,17,33,,,,17,22,2.0,11.0,,1.0,5.0,3.0,2.0,5.0,,,30,169,4.0,1.0,0.6896551724137931,0.7407407407407407,1.0,0.25,,0.2,0.2631578947368421,0.5471698113207547,0.3333333333333333,0.6875,0.5,0.3333333333333333,0.5952380952380952,0.5240963855421686,0.3333333333333333,0.6,0.273972602739726,0.05660377358490566,0.02857142857142857,0.125,14.696969696969697,0.6428571428571429,0.14285714285714285,0.11392405063291139,0.03597122302158273,0.1774193548387097,0.05263157894736842,0.14184397163120568,0.043478260869565216,0.05454545454545454,0.030303030303030304,0.06666666666666667,,0.06896551724137931,0.07936507936507936,0.24324324324324326,0.1797752808988764,0.17142857142857143,,,0.4794520547945205,0.6285714285714286,0.6470588235294118,0.6818181818181818,0.2191780821917808,0.375,0.42857142857142855,0.8333333333333334,0.0273972602739726,0.5,0.5,,0.1232876712328767,0.3333333333333333,0.3333333333333333,1.0,0.1506849315068493,0.18181818181818182,0.18181818181818182,1.0,1.0,0.3333333333333333,,,,,,,,0.5714285714285714,0.75,0.14285714285714285,0.3333333333333333,0.09523809523809523,0.7534246575342466,0.2,0.556240277777778,0.6061333333333333,0.5939547619047619,0.13414634146341464,0.1774193548387097,,0.06896551724137931,0.3448275862068966,3.4830188679245286,25.684999999999995,0.28547297297297297,,,1.0,1.0,,,,,,,,,,,,,,,,,,,False,,
202683,1610612738,Enes Kanter,Enes Kanter,202683,BOS,36265.0,604,147.0,1245,1233,303,445,169,2478,94,155,42.0,75.0,30.0,41,18.0,36,2.0,6.0,,1.0,,,,1.0,1.0,5.0,,,2.0,114,197,1.0,6.0,45.0,276,1343,44.0,79.0,,,14.0,102.0,34,48,1.0,3.0,15.0,86,116,112.0,3.0,,68.0,,5.0,1.0,19.0,24.0,8.0,32.0,7.0,1.0,18.0,6.0,,72.0,21.0,67.0,73,88.0,13.0,174,90.0,264,15.0,13.0,8.0,5.0,14.0,2.0,8.0,19.0,,6.0,,6.0,33,4.0,7.0,37,55,,5.0,6.0,54,61,8.0,27.0,,8.0,25.0,8.0,15.0,25.0,15.0,4.0,86,302,5.0,6.0,0.5087719298245614,0.725,1.0,0.16666666666666666,,0.3333333333333333,0.16666666666666666,0.5786802030456852,0.5569620253164557,0.7083333333333334,0.5689655172413793,0.5569620253164557,0.696078431372549,0.6,0.5862068965517241,0.7166666666666667,0.029556650246305417,0.09644670050761421,0.11612903225806452,0.027777777777777776,18.106427090532133,0.42424242424242425,0.30952380952380953,0.2962962962962963,0.18356164383561643,0.2693726937269373,0.0963302752293578,0.2834507042253521,0.1509433962264151,0.2484076433121019,0.15492957746478872,0.07428571428571429,0.18604651162790697,0.2871287128712871,0.3064516129032258,0.2916666666666667,0.2672811059907834,0.2777777777777778,0.22058823529411764,0.6,0.7635467980295566,0.6064516129032258,0.6861313868613139,0.5,0.17733990147783252,0.5,0.5142857142857142,0.5,0.029556650246305417,0.3333333333333333,0.3333333333333333,1.0,0.0049261083743842365,,,,0.024630541871921183,0.2,0.2,1.0,0.9493670886075949,0.56,0.09523809523809523,,,,,,,0.803921568627451,0.7317073170731707,0.0196078431372549,,0.0392156862745098,0.7931034482758621,0.2,0.5241460591133003,0.5585369230769232,0.5232284313725489,0.12162162162162163,0.125,,0.3695652173913043,0.3115942028985507,3.128426395939087,25.666666666666668,0.2433734939759036,1.0,,15.0,1.0,,,,,,,0.09090909090909091,0.5,,,2.0,2.0,0.06896551724137931,,,,,,False,,
1629057,1610612738,Robert Williams III,Robert Williams III,1629057,BOS,16043.0,267,36.0,561,570,210,216,58,1131,46,54,12.0,14.0,19.0,21,3.0,6,2.0,3.0,,,,,,,,,,,,51,63,,,19.0,121,649,12.0,15.0,,,3.0,27.0,21,25,,,11.0,53,80,22.0,,,18.0,,,,1.0,11.0,7.0,18.0,6.0,1.0,8.0,2.0,1.0,43.0,9.0,15.0,30,24.0,5.0,59,24.0,83,,13.0,11.0,2.0,6.0,,5.0,6.0,1.0,1.0,,1.0,12,,5.0,24,37,,1.0,2.0,24,28,4.0,10.0,,6.0,22.0,9.0,10.0,25.0,14.0,1.0,53,210,3.0,6.0,0.7843137254901961,0.9523809523809523,,,,,,0.8095238095238095,0.8,0.84,0.8095238095238095,0.8,0.84,0.8066666666666666,0.75,0.803030303030303,,0.015873015873015872,0.018518518518518517,,13.942307692307692,0.5,0.19230769230769232,0.16901408450704225,0.11450381679389313,0.2631578947368421,0.08181818181818182,0.2109375,0.0995850622406639,0.07692307692307693,0.15517241379310345,0.07692307692307693,0.10526315789473684,0.21739130434782608,0.18181818181818182,0.0975609756097561,0.2608695652173913,0.2727272727272727,,0.56,0.8571428571428571,0.8518518518518519,0.8679245283018868,0.782608695652174,0.09523809523809523,0.5,0.5,1.0,0.047619047619047616,0.6666666666666666,0.6666666666666666,0.5,,,,,,,,,0.9333333333333333,0.8571428571428571,0.25,,,,,,,0.84,0.9047619047619048,,,,0.8571428571428571,,0.6004873015873013,0.5632599999999999,0.5892960000000002,0.14492753623188406,0.14492753623188406,,0.2231404958677686,0.4380165289256198,2.6349206349206358,,0.37433155080213903,,,2.0,3.0,,3.0,2.0,3.0,,,0.08823529411764706,,,1.0,,3.0,,,,,,,False,4.0,
1629605,1610612738,Tacko Fall,Tacko Fall,1629605,BOS,1072.0,18,4.0,37,36,3,12,2,73,4,5,1.0,1.0,1.0,1,1.0,1,,,,,,,,,,,,,,5,6,,,1.0,11,32,1.0,1.0,,,,2.0,1,1,,,1.0,3,6,4.0,,,,,,,1.0,1.0,,1.0,,,1.0,,,2.0,,1.0,1,6.0,,7,1.0,8,,1.0,1.0,,2.0,,,,,2.0,,,2,,,1,1,,,,2,2,,1.0,,,3.0,1.0,2.0,3.0,2.0,,3,3,,,0.6,0.6,,,,,,0.8333333333333334,1.0,1.0,0.8333333333333334,1.0,1.0,0.7857142857142857,1.0,0.75,,0.16666666666666666,0.2,,23.076923076923077,1.0,,0.4,0.125,0.16666666666666666,,0.3333333333333333,0.07692307692307693,0.5,,,,0.3333333333333333,0.4,0.42857142857142855,0.16666666666666666,,,0.6666666666666666,0.8333333333333334,0.8,1.0,0.75,0.16666666666666666,1.0,1.0,,,,,,,,,,,,,,1.0,1.0,,,,,,,,1.0,1.0,,,,0.8333333333333334,,0.5463666666666667,0.5737,0.7131,0.14285714285714285,0.14285714285714285,,0.18181818181818182,0.2727272727272727,2.3166666666666664,,0.08108108108108109,,,1.0,,,,,,,,,,,,,,,,,,,,False,,
1629738,1610612738,Vincent Poirier,Vincent Poirier,1629738,BOS,4235.0,71,24.0,160,160,50,92,17,320,8,10,4.0,4.0,2.0,2,1.0,3,3.0,3.0,,,,,,,1.0,2.0,,,2.0,12,16,1.0,2.0,5.0,32,168,4.0,4.0,,,,8.0,3,4,1.0,2.0,4.0,13,16,8.0,3.0,,8.0,,2.0,1.0,,2.0,3.0,5.0,3.0,,2.0,,,13.0,4.0,2.0,7,7.0,6.0,20,6.0,26,,1.0,1.0,,2.0,,1.0,2.0,,1.0,,1.0,4,,2.0,10,13,,1.0,1.0,6,5,1.0,2.0,,1.0,4.0,3.0,1.0,4.0,3.0,,13,50,1.0,1.0,0.6666666666666666,1.0,1.0,0.5,,0.5,0.5,0.75,1.0,0.75,0.75,1.0,0.75,0.8,1.0,0.8125,0.1111111111111111,,,,13.559322033898304,0.5,0.6666666666666666,0.1891891891891892,0.058823529411764705,0.21875,0.12903225806451613,0.2028985507246377,0.09230769230769231,0.06666666666666667,0.06666666666666667,0.125,0.14285714285714285,,0.14285714285714285,0.45454545454545453,0.2,0.2857142857142857,,0.75,0.5555555555555556,0.8,0.8,0.5,0.16666666666666666,0.3333333333333333,0.3333333333333333,1.0,0.16666666666666666,1.0,1.0,1.0,,,,,0.1111111111111111,0.5,0.5,1.0,1.0,1.0,,,,,,,,0.3333333333333333,1.0,,,0.3333333333333333,0.6666666666666666,0.5,0.5123833333333333,0.6205,0.4859,0.10526315789473684,0.11764705882352941,,0.25,0.40625,6.00625,26.05,0.3125,1.0,,1.0,1.0,,,,,,,,0.5,,,,,,,,,,,False,,
