EntityId,TeamId,Name,ShortName,RowId,TeamAbbreviation,SecondsPlayed,Minutes,PlusMinus,OffPoss,DefPoss,PenaltyOffPoss,PenaltyDefPoss,SecondChanceOffPoss,TotalPoss,AtRimFGM,AtRimFGA,SecondChanceAtRimFGM,SecondChanceAtRimFGA,PenaltyAtRimFGM,PenaltyAtRimFGA,ShortMidRangeFGM,ShortMidRangeFGA,LongMidRangeFGM,LongMidRangeFGA,Corner3FGA,PenaltyCorner3FGA,Arc3FGM,Arc3FGA,SecondChanceArc3FGA,PenaltyArc3FGM,PenaltyArc3FGA,FG2M,FG2A,FG3M,FG3A,FtPoints,Points,OpponentPoints,SecondChanceFG2M,SecondChanceFG2A,SecondChanceFG3A,SecondChanceFtPoints,SecondChancePoints,PenaltyFG2M,PenaltyFG2A,PenaltyFG3M,PenaltyFG3A,PenaltyFtPoints,PenaltyPoints,PtsAssisted2s,PtsUnassisted2s,PtsAssisted3s,PtsUnassisted3s,NonHeaveArc3FGA,NonHeaveArc3FGM,Fg2aBlocked,TwoPtAssists,ThreePtAssists,Assists,Arc3Assists,Corner3Assists,AtRimAssists,ShortMidRangeAssists,LongMidRangeAssists,AssistPoints,OffThreePtRebounds,OffTwoPtRebounds,FTOffRebounds,DefThreePtRebounds,DefTwoPtRebounds,FTDefRebounds,DefRebounds,OffRebounds,Rebounds,SelfOReb,Steals,BadPassSteals,LostBallSteals,LiveBallTurnovers,BadPassOutOfBoundsTurnovers,BadPassTurnovers,DeadBallTurnovers,LostBallOutOfBoundsTurnovers,LostBallTurnovers,Travels,Turnovers,SecondChanceTurnovers,PenaltyTurnovers,ShootingFouls,Fouls,Loose Ball Fouls,Offensive Fouls,FoulsDrawn,Loose Ball Fouls Drawn,Offensive Fouls Drawn,FTA,2pt And 1 Free Throw Trips,TwoPtShootingFoulsDrawn,NonShootingFoulsDrawn,Blocked2s,BlockedAtRim,Blocks,RecoveredBlocks,PenaltyPointsExcludingTakeFouls,PenaltyOffPossExcludingTakeFouls,NonShootingPenaltyNonTakeFouls,NonShootingPenaltyNonTakeFoulsDrawn,Assisted2sPct,NonPutbacksAssisted2sPct,Assisted3sPct,Fg3Pct,PenaltyFg3Pct,NonHeaveFg3Pct,Fg2Pct,SecondChanceFg2Pct,PenaltyFg2Pct,EfgPct,SecondChanceEfgPct,PenaltyEfgPct,TsPct,SecondChanceTsPct,PenaltyTsPct,FG3APct,FG2APctBlocked,AtRimPctBlocked,ShortMidRangePctBlocked,LongMidRangePctBlocked,Usage,LiveBallTurnoverPct,DefFTReboundPct,OffFTReboundPct,DefTwoPtReboundPct,OffTwoPtReboundPct,DefThreePtReboundPct,OffThreePtReboundPct,DefFGReboundPct,OffFGReboundPct,OffAtRimReboundPct,OffShortMidRangeReboundPct,OffArc3ReboundPct,DefAtRimReboundPct,DefShortMidRangeReboundPct,DefLongMidRangeReboundPct,DefArc3ReboundPct,DefCorner3ReboundPct,SelfORebPct,BlocksRecoveredPct,AtRimFrequency,AtRimAccuracy,UnblockedAtRimAccuracy,AtRimPctAssisted,ShortMidRangeFrequency,ShortMidRangeAccuracy,UnblockedShortMidRangeAccuracy,ShortMidRangePctAssisted,LongMidRangeFrequency,LongMidRangeAccuracy,UnblockedLongMidRangeAccuracy,LongMidRangePctAssisted,Corner3Frequency,Arc3Frequency,Arc3Accuracy,UnblockedArc3Accuracy,Arc3PctAssisted,SecondChanceAtRimFrequency,SecondChanceAtRimAccuracy,SecondChanceAtRimPctAssisted,SecondChanceArc3Frequency,PenaltyAtRimFrequency,PenaltyAtRimAccuracy,PenaltyCorner3Frequency,PenaltyArc3Frequency,PenaltyArc3Accuracy,AtRimFG3AFrequency,NonHeaveArc3Accuracy,ShotQualityAvg,SecondChanceShotQualityAvg,PenaltyShotQualityAvg,ShootingFoulsDrawnPct,TwoPtShootingFoulsDrawnPct,SecondChancePointsPct,PenaltyPointsPct,Avg2ptShotDistance,Avg3ptShotDistance,PenaltyOffPossPct,Corner3FGM,SecondChanceCorner3FGM,SecondChanceCorner3FGA,PenaltyCorner3FGM,SecondChanceArc3FGM,SecondChanceFG3M,PtsPutbacks,HeaveAttempts,Fg3aBlocked,Charge Fouls,3pt And 1 Free Throw Trips,Technical Free Throw Trips,ThreePtShootingFoulsDrawn,Blocked3s,BlockedCorner3,BlockedLongMidRange,BlockedShortMidRange,SecondChanceFg3Pct,FG3APctBlocked,Corner3PctBlocked,Arc3PctBlocked,OffLongMidRangeReboundPct,OffCorner3ReboundPct,Corner3Accuracy,UnblockedCorner3Accuracy,Corner3PctAssisted,SecondChanceCorner3Frequency,SecondChanceCorner3Accuracy,SecondChanceCorner3PctAssisted,SecondChanceArc3Accuracy,SecondChanceArc3PctAssisted,PenaltyCorner3Accuracy,ThreePtShootingFoulsDrawnPct,Charge Fouls Drawn,DefensiveGoaltends,OffensiveGoaltends,StepOutOfBoundsTurnovers,3SecondViolations,Defensive 3 Seconds Violations,BlockedArc3,Clear Path Fouls,on
1626170,1610612753,Jerian Grant,Jerian Grant,1626170,ORL,27414.0,457.0,-32.0,910.0,924.0,193.0,268.0,113.0,1834.0,13.0,16.0,1.0,1.0,4.0,5.0,7.0,21.0,8.0,16.0,4.0,1.0,12.0,33.0,4.0,3.0,10.0,28.0,53.0,12.0,37.0,17.0,109.0,1007.0,2.0,4.0,4.0,3.0,7.0,9.0,15.0,3.0,11.0,3.0,30.0,16.0,40.0,30.0,6.0,33.0,12.0,4.0,42.0,26.0,68.0,20.0,6.0,22.0,5.0,15.0,162.0,7.0,3.0,1.0,16.0,13.0,1.0,30.0,11.0,41.0,1.0,19.0,12.0,7.0,14.0,4.0,10.0,7.0,1.0,4.0,1.0,21.0,3.0,8.0,12.0,39.0,3.0,1.0,39.0,1.0,7.0,26.0,2.0,12.0,2.0,3.0,3.0,3.0,1.0,30.0,193.0,3.0,2.0,0.2857142857142857,0.2857142857142857,0.8333333333333334,0.32432432432432434,0.2727272727272727,0.32432432432432434,0.5283018867924528,0.5,0.6,0.5111111111111111,0.25,0.5192307692307693,0.5343137254901961,0.3888888888888889,0.5357142857142857,0.4111111111111111,0.07547169811320754,0.0625,0.047619047619047616,0.125,11.872586872586874,0.6666666666666666,0.047619047619047616,0.03225806451612903,0.04887218045112782,0.01195219123505976,0.10126582278481013,0.03608247422680412,0.06839622641509434,0.02247191011235955,0.029411764705882353,0.011363636363636364,0.043209876543209874,0.05952380952380952,0.057692307692307696,0.02564102564102564,0.05555555555555555,0.28125,0.023809523809523808,0.3333333333333333,0.17777777777777778,0.8125,0.8666666666666667,0.3076923076923077,0.23333333333333334,0.3333333333333333,0.35,0.2857142857142857,0.17777777777777778,0.5,0.5714285714285714,0.25,0.044444444444444446,0.36666666666666664,0.36363636363636365,0.36363636363636365,0.8333333333333334,0.125,1.0,1.0,0.5,0.19230769230769232,0.8,0.038461538461538464,0.38461538461538464,0.3,0.5888888888888889,0.36363636363636365,0.48956666666666665,0.48522999999999994,0.46116923076923066,0.12,0.19047619047619047,0.06422018348623854,0.27522935779816515,9.471698113207546,25.467567567567567,0.21208791208791208,,,,,,,,,,,,,,,,,,,,,,,,,,,,,,,,,,,,,,,,,,True
1626185,1610612753,Jarell Martin,Jarell Martin,1626185,ORL,669.0,11.0,11.0,21.0,20.0,10.0,6.0,2.0,41.0,1.0,2.0,,,,1.0,,,,1.0,,,1.0,1.0,,1.0,1.0,1.0,3.0,1.0,1.0,,5.0,24.0,,,,,,,2.0,1.0,1.0,,3.0,2.0,,3.0,,1.0,1.0,,,,,,,,,,,,,,1.0,,,1.0,,1.0,,,,,,,,,,,,,,,1.0,1.0,,,,,,,,,,1.0,1.0,1.0,1.0,3.0,10.0,,,1.0,1.0,1.0,1.0,1.0,1.0,0.3333333333333333,,,0.625,,0.5,0.625,,0.5,0.25,,,,,17.391304347826086,,,,,,0.2,,0.1,,,,,,,,0.25,,,1.0,0.5,0.5,0.5,1.0,,,,,0.25,,,,,0.25,1.0,1.0,1.0,,,,,0.3333333333333333,,,0.3333333333333333,1.0,0.75,1.0,0.5645875,,0.5597500000000001,,,,0.6,6.333333333333332,25.6,0.47619047619047616,,,,,,,,,,,,,,,,,,,,,,,,,,,,,,,,,,,,,,,,,,True
203082,1610612753,Terrence Ross,Terrence Ross,203082,ORL,75417.0,1257.0,67.0,2569.0,2527.0,707.0,738.0,290.0,5096.0,29.0,46.0,2.0,5.0,8.0,13.0,20.0,46.0,67.0,149.0,36.0,8.0,111.0,308.0,18.0,27.0,80.0,116.0,241.0,128.0,344.0,74.0,690.0,2718.0,9.0,20.0,21.0,1.0,52.0,26.0,49.0,30.0,88.0,28.0,170.0,172.0,60.0,291.0,93.0,305.0,111.0,9.0,55.0,28.0,83.0,19.0,9.0,35.0,9.0,11.0,194.0,7.0,10.0,2.0,72.0,75.0,5.0,152.0,19.0,171.0,9.0,36.0,29.0,7.0,28.0,6.0,24.0,18.0,3.0,4.0,5.0,46.0,,11.0,33.0,76.0,1.0,3.0,59.0,2.0,5.0,85.0,3.0,12.0,7.0,14.0,5.0,16.0,11.0,170.0,702.0,15.0,6.0,0.7413793103448276,0.7543859649122807,0.7578125,0.37209302325581395,0.3409090909090909,0.375366568914956,0.48132780082987553,0.45,0.5306122448979592,0.5264957264957265,0.6219512195121951,0.5182481751824818,0.5586319218241043,0.6341463414634146,0.5675675675675675,0.588034188034188,0.03734439834024896,0.08695652173913043,0.043478260869565216,0.020134228187919462,22.771250863856253,0.6086956521739131,0.0847457627118644,0.02666666666666667,0.10699001426533523,0.014814814814814815,0.144,0.012544802867383513,0.12239800166527894,0.013787510137875101,0.019417475728155338,0.012875536480686695,0.010482180293501049,0.06589147286821706,0.08679245283018867,0.19662921348314608,0.1529126213592233,0.10227272727272728,0.028037383177570093,0.6875,0.07863247863247863,0.6304347826086957,0.6904761904761905,0.7241379310344828,0.07863247863247863,0.43478260869565216,0.45454545454545453,0.8,0.2547008547008547,0.44966442953020136,0.4589041095890411,0.7313432835820896,0.06153846153846154,0.5264957264957265,0.36038961038961037,0.36156351791530944,0.7207207207207207,0.12195121951219512,0.4,,0.43902439024390244,0.0948905109489051,0.6153846153846154,0.058394160583941604,0.583941605839416,0.3375,0.6666666666666666,0.3639344262295082,0.49187629310344816,0.4567553571428572,0.478118045112782,0.051070840197693576,0.048,0.07536231884057971,0.2463768115942029,13.51784232365145,26.142732558139535,0.27520435967302453,17.0,1.0,3.0,3.0,10.0,11.0,4.0,3.0,2.0,1.0,6.0,5.0,19.0,2.0,2.0,1.0,8.0,0.5238095238095238,0.005813953488372093,0.027777777777777776,0.003246753246753247,0.012711864406779662,0.024691358024691357,0.4722222222222222,0.4857142857142857,1.0,0.07317073170731707,0.3333333333333333,1.0,0.5555555555555556,0.9,0.375,0.05322128851540616,,,,,,,,,True
203920,1610612753,Khem Birch,Khem Birch,203920,ORL,26675.0,445.0,64.0,913.0,901.0,189.0,144.0,97.0,1814.0,49.0,72.0,14.0,25.0,8.0,18.0,15.0,28.0,,,,,,,,,,64.0,100.0,,,44.0,172.0,950.0,14.0,28.0,,10.0,38.0,12.0,25.0,,,6.0,30.0,96.0,32.0,,,,,7.0,16.0,8.0,24.0,6.0,2.0,8.0,4.0,4.0,56.0,16.0,38.0,1.0,35.0,40.0,4.0,79.0,55.0,134.0,3.0,12.0,10.0,2.0,5.0,1.0,4.0,8.0,1.0,1.0,,13.0,2.0,3.0,35.0,55.0,2.0,3.0,50.0,2.0,3.0,63.0,3.0,31.0,2.0,20.0,13.0,20.0,12.0,30.0,189.0,2.0,2.0,0.75,0.9230769230769231,,,,,0.64,0.5,0.48,0.64,0.5,0.48,0.6615384615384615,0.5277777777777778,0.5,,0.07,0.041666666666666664,0.14285714285714285,,13.910505836575876,0.38461538461538464,0.26666666666666666,0.037037037037037035,0.17467248908296942,0.15510204081632653,0.18134715025906736,0.08333333333333333,0.17772511848341233,0.12356979405034325,0.1625,0.13157894736842105,0.08928571428571429,0.17525773195876287,0.18840579710144928,0.15873015873015872,0.18633540372670807,0.15625,0.10344827586206896,0.6,0.72,0.6805555555555556,0.7101449275362319,0.7142857142857143,0.28,0.5357142857142857,0.625,0.8666666666666667,,,,,,,,,,0.8928571428571429,0.56,0.07142857142857142,,0.72,0.4444444444444444,,,,0.72,,0.5451640000000001,0.5732333333333334,0.527568,0.2421875,0.2421875,0.22093023255813954,0.1744186046511628,2.8590000000000004,,0.20700985761226726,,,,,,,24.0,,,1.0,,,,,,,7.0,,,,,0.16853932584269662,0.041666666666666664,,,,,,,,,,,4.0,4.0,1.0,,,,,,True
203932,1610612753,Aaron Gordon,Aaron Gordon,203932,ORL,157953.0,2633.0,107.0,5328.0,5309.0,1003.0,1064.0,590.0,10637.0,243.0,382.0,51.0,88.0,42.0,58.0,60.0,173.0,46.0,144.0,92.0,22.0,85.0,255.0,20.0,16.0,43.0,349.0,699.0,121.0,347.0,185.0,1246.0,5753.0,61.0,118.0,28.0,15.0,164.0,63.0,111.0,28.0,65.0,52.0,262.0,352.0,346.0,306.0,57.0,251.0,85.0,47.0,190.0,99.0,289.0,74.0,25.0,118.0,34.0,38.0,677.0,39.0,88.0,2.0,203.0,214.0,28.0,445.0,129.0,574.0,40.0,57.0,38.0,19.0,77.0,18.0,51.0,85.0,8.0,26.0,13.0,162.0,12.0,28.0,67.0,172.0,9.0,13.0,262.0,8.0,7.0,253.0,37.0,125.0,15.0,55.0,32.0,56.0,35.0,257.0,989.0,15.0,14.0,0.504297994269341,0.56957928802589,0.8429752066115702,0.34870317002881845,0.4307692307692308,0.35276967930029157,0.49928469241773965,0.5169491525423728,0.5675675675675675,0.5071701720841301,0.5102739726027398,0.5965909090909091,0.5407986111111112,0.5359477124183006,0.6267942583732058,0.3317399617590822,0.06723891273247497,0.07591623036649214,0.10404624277456648,,21.878121878121878,0.47530864197530864,0.28865979381443296,0.016260162601626018,0.1400523560209424,0.06027397260273973,0.19921491658488713,0.03555150410209663,0.16372202591283863,0.0496675791943684,0.09727626459143969,0.051587301587301584,0.032879818594104306,0.13148148148148148,0.12131147540983607,0.18253968253968253,0.20602409638554217,0.1693121693121693,0.07797270955165692,0.625,0.3652007648183556,0.6361256544502618,0.6883852691218131,0.551440329218107,0.16539196940726578,0.3468208092485549,0.3870967741935484,0.31666666666666665,0.13766730401529637,0.3194444444444444,0.3194444444444444,0.5,0.08795411089866156,0.24378585086042065,0.3333333333333333,0.3373015873015873,0.788235294117647,0.6027397260273972,0.5795454545454546,0.13725490196078433,0.136986301369863,0.32954545454545453,0.7241379310344828,0.125,0.24431818181818182,0.37209302325581395,0.6969407265774379,0.3386454183266932,0.5179221209213052,0.5366375,0.4976575144508671,0.11345646437994723,0.1588310038119441,0.13162118780096307,0.2102728731942215,6.782260371959945,25.534582132564836,0.18825075075075076,36.0,3.0,8.0,12.0,6.0,9.0,80.0,4.0,5.0,21.0,1.0,,4.0,1.0,1.0,6.0,17.0,0.32142857142857145,0.01440922190201729,0.021739130434782608,0.011764705882352941,0.027149321266968326,0.046511627906976744,0.391304347826087,0.4,0.9722222222222222,0.0547945205479452,0.375,0.6666666666666666,0.3,0.8333333333333334,0.5454545454545454,0.011428571428571429,3.0,8.0,3.0,4.0,2.0,3.0,,,True
1628371,1610612753,Jonathan Isaac,Jonathan Isaac,1628371,ORL,63046.0,1051.0,39.0,2113.0,2137.0,240.0,252.0,238.0,4250.0,67.0,108.0,15.0,30.0,3.0,7.0,10.0,26.0,13.0,39.0,66.0,7.0,25.0,79.0,2.0,1.0,6.0,90.0,173.0,46.0,145.0,43.0,361.0,2327.0,17.0,38.0,3.0,10.0,47.0,7.0,14.0,3.0,13.0,10.0,33.0,120.0,60.0,138.0,,79.0,25.0,16.0,27.0,15.0,42.0,11.0,4.0,15.0,7.0,5.0,99.0,13.0,29.0,2.0,78.0,77.0,4.0,159.0,44.0,203.0,3.0,32.0,24.0,8.0,22.0,3.0,15.0,16.0,3.0,7.0,2.0,38.0,3.0,4.0,36.0,62.0,,3.0,57.0,9.0,4.0,54.0,6.0,25.0,5.0,46.0,36.0,47.0,34.0,31.0,233.0,2.0,4.0,0.6666666666666666,0.7894736842105263,1.0,0.31724137931034485,0.23076923076923078,0.31724137931034485,0.5202312138728323,0.4473684210526316,0.5,0.5,0.45121951219512196,0.42592592592592593,0.5277777777777778,0.4895833333333333,0.5,0.4559748427672956,0.09248554913294797,0.1111111111111111,0.11538461538461539,0.02564102564102564,15.859766277128546,0.5789473684210527,0.16666666666666666,0.05128205128205128,0.12164296998420221,0.048252911813643926,0.1921182266009852,0.03117505995203837,0.14918190567853706,0.0412573673870334,0.0603448275862069,0.02912621359223301,0.02912621359223301,0.10087719298245613,0.09803921568627451,0.19333333333333333,0.18691588785046728,0.21176470588235294,0.018072289156626505,0.723404255319149,0.33962264150943394,0.6203703703703703,0.6979166666666666,0.6268656716417911,0.08176100628930817,0.38461538461538464,0.43478260869565216,0.7,0.12264150943396226,0.3333333333333333,0.34210526315789475,0.8461538461538461,0.20754716981132076,0.24842767295597484,0.31645569620253167,0.31645569620253167,1.0,0.7317073170731707,0.5,0.06666666666666667,0.04878048780487805,0.25925925925925924,0.42857142857142855,0.25925925925925924,0.2222222222222222,0.16666666666666666,0.7955974842767296,0.31645569620253167,0.5439213836477986,0.509746875,0.5102111111111112,0.07418397626112759,0.13020833333333334,0.13019390581717452,0.09141274238227147,6.765895953757224,24.712413793103448,0.11358258400378608,21.0,,1.0,2.0,1.0,1.0,28.0,,,1.0,,,,1.0,,4.0,6.0,0.3333333333333333,,,,0.05521472392638037,0.037037037037037035,0.3181818181818182,0.3181818181818182,1.0,0.024390243902439025,,,0.5,1.0,0.2857142857142857,,2.0,,1.0,2.0,,3.0,1.0,,True
1628964,1610612753,Mo Bamba,Mo Bamba,1628964,ORL,24843.0,414.0,-123.0,822.0,831.0,161.0,192.0,107.0,1653.0,48.0,60.0,22.0,26.0,10.0,12.0,2.0,16.0,11.0,21.0,7.0,2.0,9.0,27.0,2.0,1.0,5.0,61.0,97.0,10.0,34.0,21.0,173.0,922.0,22.0,30.0,3.0,1.0,48.0,14.0,21.0,1.0,7.0,3.0,34.0,70.0,52.0,30.0,,26.0,9.0,10.0,12.0,6.0,18.0,5.0,1.0,3.0,3.0,6.0,42.0,12.0,28.0,,31.0,67.0,4.0,102.0,40.0,142.0,1.0,8.0,4.0,4.0,13.0,1.0,7.0,16.0,2.0,6.0,2.0,29.0,1.0,8.0,38.0,58.0,4.0,8.0,38.0,8.0,,41.0,7.0,22.0,2.0,38.0,15.0,38.0,22.0,34.0,161.0,1.0,2.0,0.5737704918032787,0.8536585365853658,1.0,0.29411764705882354,0.14285714285714285,0.30303030303030304,0.6288659793814433,0.7333333333333333,0.6666666666666666,0.5801526717557252,0.7121212121212122,0.5535714285714286,0.5844594594594594,0.7058823529411765,0.5666666666666667,0.2595419847328244,0.10309278350515463,0.08333333333333333,0.25,0.047619047619047616,18.849840255591054,0.4482758620689655,0.15384615384615385,,0.25868725868725867,0.11382113821138211,0.22962962962962963,0.0625,0.24873096446700507,0.091324200913242,0.18032786885245902,0.12222222222222222,0.06172839506172839,0.2,0.27358490566037735,0.31746031746031744,0.23893805309734514,0.18181818181818182,0.02040816326530612,0.5789473684210527,0.4580152671755725,0.8,0.8727272727272727,0.5416666666666666,0.12213740458015267,0.125,0.16666666666666666,0.5,0.16030534351145037,0.5238095238095238,0.55,0.7272727272727273,0.05343511450381679,0.20610687022900764,0.3333333333333333,0.3333333333333333,1.0,0.7878787878787878,0.8461538461538461,0.09090909090909091,0.06060606060606061,0.42857142857142855,0.8333333333333334,0.07142857142857142,0.17857142857142858,0.2,0.7175572519083969,0.34615384615384615,0.5323238461538462,0.5496555555555555,0.5327685185185186,0.1506849315068493,0.19642857142857142,0.2774566473988439,0.19653179190751446,6.238144329896906,26.588235294117645,0.19586374695863748,1.0,,1.0,,1.0,1.0,40.0,1.0,,,,,,,,2.0,21.0,0.3333333333333333,,,,0.06315789473684211,0.06666666666666667,0.14285714285714285,0.14285714285714285,1.0,0.030303030303030304,,,0.5,1.0,,,1.0,7.0,1.0,,2.0,,,,True
202696,1610612753,Nikola Vucevic,Nikola Vucevic,202696,ORL,105271.0,1755.0,183.0,3551.0,3533.0,624.0,698.0,384.0,7084.0,210.0,304.0,69.0,105.0,41.0,54.0,146.0,294.0,61.0,152.0,1.0,,60.0,162.0,8.0,7.0,26.0,417.0,750.0,60.0,163.0,114.0,1128.0,3811.0,83.0,139.0,8.0,15.0,181.0,61.0,109.0,7.0,26.0,44.0,187.0,570.0,264.0,180.0,,161.0,60.0,35.0,118.0,94.0,212.0,64.0,30.0,83.0,18.0,17.0,518.0,47.0,106.0,1.0,174.0,317.0,29.0,520.0,154.0,674.0,21.0,62.0,49.0,13.0,60.0,20.0,33.0,59.0,5.0,27.0,10.0,119.0,10.0,24.0,60.0,104.0,10.0,8.0,139.0,13.0,4.0,145.0,18.0,58.0,22.0,64.0,45.0,65.0,40.0,185.0,615.0,7.0,21.0,0.6834532374100719,0.7916666666666666,1.0,0.36809815950920244,0.2692307692307692,0.37037037037037035,0.556,0.5971223021582733,0.5596330275229358,0.5553121577217963,0.564625850340136,0.5296296296296297,0.5778688524590164,0.5838709677419355,0.5771604938271605,0.17853231106243153,0.04666666666666667,0.05921052631578947,0.05782312925170068,,27.416124186279422,0.5042016806722689,0.5178571428571429,0.017857142857142856,0.3065764023210832,0.11007268951194185,0.25588235294117645,0.06638418079096045,0.2864644107351225,0.09156193895870736,0.13279132791327913,0.11904761904761904,0.0603290676416819,0.28895184135977336,0.33796296296296297,0.27710843373493976,0.27140255009107467,0.19083969465648856,0.05263157894736842,0.6153846153846154,0.3329682365826944,0.6907894736842105,0.7342657342657343,0.6619047619047619,0.32201533406352684,0.4965986394557823,0.5270758122743683,0.6301369863013698,0.1664841182913472,0.40131578947368424,0.40131578947368424,0.8852459016393442,0.001095290251916758,0.1774370208105148,0.37037037037037035,0.37037037037037035,1.0,0.7142857142857143,0.6571428571428571,0.13043478260869565,0.05442176870748299,0.4,0.7592592592592593,,0.1925925925925926,0.2692307692307692,0.511500547645126,0.37267080745341613,0.478343201754386,0.5311991304347825,0.46941481481481484,0.06184486373165619,0.07341772151898734,0.16046099290780141,0.16578014184397163,7.5084,26.07300613496933,0.17572514784567728,,,,,,,114.0,1.0,,4.0,,,1.0,1.0,,2.0,17.0,,,,,0.06589147286821706,0.08695652173913043,,,,,,,,,,0.006097560975609756,,,3.0,,6.0,6.0,1.0,,True
203095,1610612753,Evan Fournier,Evan Fournier,203095,ORL,113146.0,1886.0,119.0,3816.0,3790.0,500.0,609.0,413.0,7606.0,120.0,187.0,9.0,13.0,16.0,22.0,50.0,115.0,45.0,111.0,69.0,8.0,91.0,268.0,25.0,5.0,24.0,215.0,413.0,118.0,337.0,88.0,872.0,4150.0,18.0,32.0,31.0,4.0,67.0,27.0,45.0,7.0,32.0,33.0,108.0,226.0,204.0,318.0,36.0,268.0,91.0,28.0,126.0,81.0,207.0,57.0,24.0,67.0,31.0,28.0,495.0,9.0,17.0,,63.0,105.0,2.0,170.0,26.0,196.0,7.0,57.0,42.0,15.0,69.0,17.0,47.0,45.0,5.0,22.0,13.0,114.0,6.0,16.0,71.0,172.0,7.0,7.0,114.0,1.0,14.0,110.0,14.0,43.0,16.0,10.0,3.0,10.0,6.0,104.0,486.0,13.0,13.0,0.5255813953488372,0.5380952380952381,0.8983050847457628,0.35014836795252224,0.21875,0.35014836795252224,0.5205811138014528,0.5625,0.6,0.5226666666666666,0.5,0.487012987012987,0.5459119496855346,0.5153846153846153,0.5510204081632653,0.4493333333333333,0.06779661016949153,0.10160427807486631,0.0782608695652174,,21.18387322302494,0.6052631578947368,0.03278688524590164,,0.09840674789128398,0.01642512077294686,0.08513513513513514,0.011494252873563218,0.09297177642501384,0.014301430143014302,0.015584415584415584,0.01881720430107527,0.011254019292604502,0.11081081081081082,0.0867579908675799,0.10038610038610038,0.07973421926910298,0.10869565217391304,0.018276762402088774,0.6,0.24933333333333332,0.6417112299465241,0.7142857142857143,0.5416666666666666,0.15333333333333332,0.43478260869565216,0.4716981132075472,0.52,0.148,0.40540540540540543,0.40540540540540543,0.4888888888888889,0.092,0.35733333333333334,0.33955223880597013,0.33955223880597013,0.8681318681318682,0.20634920634920634,0.6923076923076923,0.5555555555555556,0.3968253968253968,0.2857142857142857,0.7272727272727273,0.1038961038961039,0.3116883116883117,0.20833333333333334,0.6986666666666667,0.33955223880597013,0.5041754339118826,0.49935543478260874,0.471714935064935,0.05648267008985879,0.09728506787330317,0.0768348623853211,0.12385321100917432,8.385714285714283,25.45489614243324,0.1310272536687631,27.0,2.0,6.0,2.0,7.0,9.0,10.0,,1.0,1.0,1.0,5.0,1.0,,,,7.0,0.2903225806451613,0.002967359050445104,0.014492753623188406,,0.014388489208633094,0.012422360248447204,0.391304347826087,0.39705882352941174,1.0,0.09523809523809523,0.3333333333333333,1.0,0.28,0.8571428571428571,0.25,0.002967359050445104,1.0,,,1.0,,,,,True
203613,1610612753,Jonathon Simmons,Jonathon Simmons,203613,ORL,27767.0,463.0,-70.0,930.0,943.0,210.0,237.0,106.0,1873.0,21.0,41.0,2.0,5.0,2.0,6.0,9.0,33.0,9.0,26.0,14.0,3.0,6.0,39.0,2.0,2.0,10.0,39.0,100.0,10.0,53.0,25.0,133.0,998.0,3.0,11.0,2.0,3.0,12.0,4.0,22.0,2.0,13.0,8.0,22.0,32.0,46.0,24.0,6.0,39.0,6.0,13.0,25.0,24.0,49.0,21.0,3.0,13.0,3.0,9.0,122.0,7.0,6.0,,12.0,29.0,3.0,44.0,13.0,57.0,4.0,7.0,3.0,4.0,11.0,4.0,6.0,13.0,1.0,5.0,2.0,24.0,1.0,4.0,9.0,39.0,3.0,,41.0,2.0,6.0,34.0,4.0,15.0,4.0,6.0,5.0,6.0,2.0,20.0,209.0,3.0,3.0,0.41025641025641024,0.43243243243243246,0.8,0.18867924528301888,0.15384615384615385,0.18867924528301888,0.39,0.2727272727272727,0.18181818181818182,0.35294117647058826,0.34615384615384615,0.2,0.3958333333333333,0.42857142857142855,0.275,0.3464052287581699,0.13,0.0975609756097561,0.21212121212121213,0.07692307692307693,18.164616840113528,0.4583333333333333,0.13636363636363635,,0.09634551495016612,0.022727272727272728,0.07643312101910828,0.03317535545023697,0.08951965065502183,0.02736842105263158,0.036585365853658534,0.02197802197802198,0.03389830508474576,0.07368421052631578,0.088,0.13580246913580246,0.08148148148148149,0.045454545454545456,0.0449438202247191,0.3333333333333333,0.2679738562091503,0.5121951219512195,0.5675675675675675,0.5238095238095238,0.21568627450980393,0.2727272727272727,0.34615384615384615,0.1111111111111111,0.16993464052287582,0.34615384615384615,0.375,0.4444444444444444,0.0915032679738562,0.2549019607843137,0.15384615384615385,0.15384615384615385,0.6666666666666666,0.38461538461538464,0.4,,0.15384615384615385,0.17142857142857143,0.3333333333333333,0.08571428571428572,0.2857142857142857,0.2,0.6143790849673203,0.15384615384615385,0.49353169934640523,0.47433571428571436,0.4620957142857143,0.09146341463414634,0.13513513513513514,0.09022556390977443,0.16541353383458646,7.811,25.258490566037732,0.22580645161290322,4.0,,,,1.0,1.0,4.0,,,1.0,,,,,,,1.0,0.5,,,,0.01098901098901099,0.029411764705882353,0.2857142857142857,0.2857142857142857,1.0,,,,0.5,1.0,,,3.0,,,4.0,,,,,True
1628411,1610612753,Wes Iwundu,Wes Iwundu,1628411,ORL,38023.0,634.0,7.0,1293.0,1300.0,389.0,321.0,145.0,2593.0,29.0,52.0,7.0,11.0,8.0,15.0,6.0,19.0,11.0,30.0,17.0,5.0,14.0,26.0,6.0,5.0,9.0,46.0,101.0,21.0,43.0,44.0,199.0,1390.0,7.0,13.0,9.0,2.0,25.0,13.0,31.0,8.0,14.0,12.0,62.0,58.0,34.0,63.0,,26.0,14.0,13.0,25.0,9.0,34.0,6.0,3.0,13.0,7.0,5.0,77.0,6.0,10.0,,29.0,28.0,2.0,59.0,16.0,75.0,4.0,16.0,10.0,6.0,11.0,2.0,8.0,9.0,2.0,3.0,2.0,20.0,3.0,7.0,34.0,63.0,1.0,,41.0,1.0,1.0,58.0,4.0,27.0,4.0,13.0,4.0,14.0,8.0,62.0,387.0,2.0,2.0,0.6304347826086957,0.725,1.0,0.4883720930232558,0.5714285714285714,0.4883720930232558,0.45544554455445546,0.5384615384615384,0.41935483870967744,0.5381944444444444,0.5227272727272727,0.5555555555555556,0.5818713450292398,0.5434782608695652,0.5636363636363636,0.2986111111111111,0.12871287128712872,0.19230769230769232,0.15789473684210525,,13.058419243986254,0.55,0.06451612903225806,,0.07216494845360824,0.026737967914438502,0.11788617886178862,0.02459016393442623,0.08990536277602523,0.025889967637540454,0.03787878787878788,0.03636363636363636,0.015228426395939087,0.07246376811594203,0.05844155844155844,0.09375,0.125,0.08695652173913043,0.0625,0.5714285714285714,0.3611111111111111,0.5576923076923077,0.6904761904761905,0.6206896551724138,0.13194444444444445,0.3157894736842105,0.375,0.5,0.20833333333333334,0.36666666666666664,0.36666666666666664,0.7272727272727273,0.11805555555555555,0.18055555555555555,0.5384615384615384,0.5384615384615384,1.0,0.5,0.6363636363636364,0.14285714285714285,0.2727272727272727,0.3333333333333333,0.5333333333333333,0.1111111111111111,0.2,0.5555555555555556,0.6597222222222222,0.5384615384615384,0.5208312500000001,0.5316000000000001,0.50101,0.16766467065868262,0.21774193548387097,0.12562814070351758,0.31155778894472363,7.957425742574257,24.746511627906976,0.3008507347254447,7.0,1.0,3.0,3.0,2.0,3.0,12.0,,,1.0,1.0,,1.0,1.0,,2.0,7.0,0.3333333333333333,,,,0.007575757575757576,0.06382978723404255,0.4117647058823529,0.4117647058823529,1.0,0.13636363636363635,0.3333333333333333,1.0,0.3333333333333333,1.0,0.6,0.023255813953488372,1.0,,,1.0,,2.0,1.0,,True
1628515,1610612753,Isaiah Briscoe,Isaiah Briscoe,1628515,ORL,17441.0,291.0,6.0,584.0,580.0,130.0,119.0,57.0,1164.0,14.0,25.0,,,2.0,4.0,3.0,11.0,4.0,14.0,7.0,1.0,5.0,13.0,1.0,,3.0,21.0,50.0,5.0,20.0,9.0,66.0,627.0,1.0,1.0,1.0,,2.0,3.0,9.0,,4.0,1.0,7.0,14.0,28.0,15.0,,13.0,5.0,4.0,20.0,22.0,42.0,21.0,1.0,10.0,3.0,7.0,106.0,1.0,1.0,,20.0,16.0,,36.0,2.0,38.0,,8.0,7.0,1.0,6.0,3.0,5.0,9.0,1.0,1.0,1.0,15.0,1.0,3.0,16.0,36.0,1.0,,28.0,,6.0,13.0,1.0,6.0,1.0,1.0,,1.0,,7.0,130.0,3.0,,0.3333333333333333,0.3333333333333333,1.0,0.25,,0.25,0.42,1.0,0.3333333333333333,0.40714285714285714,0.5,0.23076923076923078,0.4342105263157895,0.5,0.23333333333333334,0.2857142857142857,0.08,0.08,0.18181818181818182,,13.893129770992367,0.4,,,0.0975609756097561,0.0055248618784530384,0.15151515151515152,0.008620689655172414,0.12162162162162163,0.006734006734006734,,,0.010309278350515464,0.07894736842105263,0.0784313725490196,0.16216216216216217,0.16822429906542055,0.08,,,0.35714285714285715,0.56,0.6086956521739131,0.42857142857142855,0.15714285714285714,0.2727272727272727,0.3333333333333333,,0.2,0.2857142857142857,0.2857142857142857,0.25,0.1,0.18571428571428572,0.38461538461538464,0.38461538461538464,1.0,,,,0.5,0.3076923076923077,0.5,0.07692307692307693,0.23076923076923078,,0.6428571428571429,0.38461538461538464,0.5033221428571428,0.5085500000000001,0.47465384615384615,0.08,0.10909090909090909,0.030303030303030304,0.10606060606060606,8.024,24.85,0.2226027397260274,,,,,,,,,,2.0,,,,,,,1.0,,,,,0.015625,,,,,,,,,,,,5.0,,,1.0,,,,,True
1628518,1610612753,Amile Jefferson,Amile Jefferson,1628518,ORL,586.0,10.0,-1.0,18.0,16.0,12.0,13.0,1.0,34.0,,,,,,,,,,,,,,,,,,,,,,,,27.0,,,,,,,,,,,,,,,,,,,,,,,,,,,,,1.0,,1.0,,,1.0,1.0,2.0,,,,,,,,,,,,,,,,,,,,,,,,,,,,,,,12.0,,,,,,,,,,,,,,,,,,,,,,,,,,,,0.25,0.3333333333333333,,0.25,0.16666666666666666,,0.5,,,,,,1.0,,,,,,,,,,,,,,,,,,,,,,,,,,,,,,,,,,,,,,,,0.6666666666666666,,,,,,,,,,,,,,,,,,,,,,,,,,,,,,,,,,,,,,,,,,True
1628982,1610612753,Melvin Frazier Jr.,Melvin Frazier Jr.,1628982,ORL,9.0,,,,,,,,,,,,,,,,,,,,,,,,,,,,,,,,,,,,,,,,,,,,,,,,,,,,,,,,,,,,,,,,,,,,,,,,,,,,,,,,,,,,,,,,,,,,,,,,,,,,,,,,,,,,,,,,,,,,,,,,,,,,,,,,,,,,,,,,,,,,,,,,,,,,,,,,,,,,,,,,,,,,,,,,,,,,,,,,,,,,,,,,,,,,,,,,,,,,,,,,,,,,,,,,,,,,,,,,,,,,,True
201571,1610612753,D.J. Augustin,D.J. Augustin,201571,ORL,102428.0,1707.0,105.0,3447.0,3413.0,539.0,587.0,370.0,6860.0,94.0,150.0,6.0,12.0,18.0,30.0,24.0,73.0,22.0,38.0,36.0,5.0,63.0,179.0,13.0,10.0,28.0,140.0,261.0,82.0,215.0,138.0,664.0,3736.0,9.0,15.0,17.0,3.0,45.0,24.0,43.0,14.0,33.0,65.0,155.0,46.0,234.0,171.0,75.0,175.0,63.0,28.0,213.0,99.0,312.0,76.0,23.0,126.0,52.0,35.0,723.0,12.0,18.0,,60.0,57.0,3.0,120.0,30.0,150.0,5.0,34.0,21.0,13.0,69.0,12.0,51.0,31.0,6.0,18.0,3.0,100.0,3.0,16.0,28.0,84.0,1.0,6.0,156.0,1.0,19.0,158.0,9.0,38.0,24.0,2.0,,3.0,2.0,147.0,527.0,8.0,16.0,0.16428571428571428,0.16666666666666666,0.6951219512195121,0.3813953488372093,0.42424242424242425,0.3886255924170616,0.5363984674329502,0.6,0.5581395348837209,0.5525210084033614,0.65625,0.5921052631578947,0.6079335793357934,0.6428571428571429,0.6954545454545454,0.45168067226890757,0.10727969348659004,0.11333333333333333,0.136986301369863,0.02631578947368421,16.541742052209873,0.69,0.05555555555555555,,0.057692307692307696,0.019438444924406047,0.09216589861751152,0.01721664275466284,0.0713849908480781,0.018484288354898338,0.020172910662824207,0.02108433734939759,0.014732965009208104,0.06997084548104957,0.051094890510948905,0.05128205128205128,0.09090909090909091,0.0975609756097561,0.023474178403755867,0.6666666666666666,0.31512605042016806,0.6266666666666667,0.706766917293233,0.2127659574468085,0.15336134453781514,0.3287671232876712,0.38095238095238093,0.041666666666666664,0.07983193277310924,0.5789473684210527,0.5945945945945946,0.09090909090909091,0.07563025210084033,0.3760504201680672,0.35195530726256985,0.35795454545454547,0.6349206349206349,0.375,0.5,,0.40625,0.39473684210526316,0.6,0.06578947368421052,0.3684210526315789,0.35714285714285715,0.7668067226890757,0.36,0.5194177966101696,0.5397022727272728,0.5120486666666667,0.10038610038610038,0.1310344827586207,0.0677710843373494,0.23343373493975902,5.968199233716476,26.008837209302328,0.1563678561067595,19.0,3.0,4.0,4.0,5.0,8.0,4.0,4.0,6.0,3.0,1.0,5.0,14.0,1.0,,,2.0,0.47058823529411764,0.027906976744186046,0.08333333333333333,0.01675977653631285,0.016194331983805668,0.025974025974025976,0.5277777777777778,0.5757575757575758,0.8947368421052632,0.125,0.75,1.0,0.38461538461538464,0.8,0.8,0.06140350877192982,7.0,,,1.0,,1.0,1.0,1.0,True
203487,1610612753,Michael Carter-Williams,Michael Carter-Williams,203487,ORL,9077.0,151.0,53.0,325.0,321.0,108.0,72.0,37.0,646.0,9.0,18.0,3.0,6.0,3.0,6.0,2.0,7.0,,1.0,2.0,,,12.0,,,6.0,11.0,26.0,2.0,14.0,14.0,42.0,325.0,3.0,7.0,,3.0,9.0,3.0,8.0,,6.0,5.0,11.0,4.0,18.0,6.0,,12.0,,2.0,20.0,14.0,34.0,14.0,,11.0,5.0,4.0,82.0,2.0,8.0,,11.0,20.0,1.0,32.0,10.0,42.0,2.0,9.0,5.0,4.0,5.0,3.0,5.0,5.0,1.0,,1.0,10.0,,5.0,4.0,15.0,,,19.0,4.0,3.0,19.0,1.0,7.0,3.0,4.0,2.0,6.0,1.0,11.0,102.0,1.0,2.0,0.18181818181818182,0.2222222222222222,1.0,0.14285714285714285,,0.14285714285714285,0.4230769230769231,0.42857142857142855,0.375,0.35,0.42857142857142855,0.21428571428571427,0.42857142857142855,0.5625,0.3055555555555556,0.35,0.07692307692307693,,0.2857142857142857,,16.032608695652172,0.5,0.16666666666666666,,0.2631578947368421,0.1111111111111111,0.15714285714285714,0.027777777777777776,0.21232876712328766,0.06944444444444445,0.1,0.17391304347826086,0.015873015873015872,0.2692307692307692,0.2413793103448276,0.2857142857142857,0.11666666666666667,0.4,0.09523809523809523,0.16666666666666666,0.45,0.5,0.5,0.2222222222222222,0.175,0.2857142857142857,0.4,,0.025,,,,0.05,0.3,,,,0.8571428571428571,0.5,0.3333333333333333,,0.42857142857142855,0.5,,0.42857142857142855,,0.8,,0.5039899999999999,0.47672,0.46910714285714283,0.15217391304347827,0.21875,0.21428571428571427,0.2619047619047619,3.8115384615384613,26.185714285714287,0.3323076923076923,2.0,,,,,,4.0,,,,,,,2.0,1.0,,2.0,,,,,0.05263157894736842,0.1111111111111111,1.0,1.0,1.0,,,,,,,,1.0,1.0,,,,,1.0,,True
1626170,1610612753,Jerian Grant,Jerian Grant,1626170,ORL,28911.0,482.0,-116.0,990.0,1001.0,307.0,338.0,93.0,1991.0,6.0,12.0,,,,2.0,3.0,14.0,15.0,31.0,11.0,4.0,22.0,62.0,5.0,8.0,22.0,24.0,57.0,28.0,73.0,9.0,141.0,1112.0,3.0,6.0,6.0,,12.0,6.0,18.0,10.0,26.0,1.0,43.0,14.0,34.0,63.0,21.0,62.0,22.0,2.0,60.0,28.0,88.0,23.0,5.0,20.0,12.0,28.0,204.0,4.0,4.0,,21.0,27.0,1.0,49.0,8.0,57.0,2.0,25.0,18.0,7.0,17.0,4.0,16.0,13.0,3.0,1.0,2.0,30.0,1.0,8.0,15.0,39.0,4.0,2.0,23.0,,1.0,14.0,2.0,7.0,,3.0,1.0,3.0,2.0,43.0,307.0,4.0,,0.2916666666666667,0.2916666666666667,0.75,0.3835616438356164,0.38461538461538464,0.3835616438356164,0.42105263157894735,0.5,0.3333333333333333,0.5076923076923077,0.5,0.4772727272727273,0.5185185185185185,0.5,0.4777777777777778,0.5615384615384615,0.03508771929824561,,0.07142857142857142,0.03225806451612903,15.0,0.5666666666666667,0.037037037037037035,,0.10975609756097561,0.01282051282051282,0.10144927536231885,0.020833333333333332,0.10596026490066225,0.015873015873015872,,0.02702702702702703,0.02702702702702703,0.1134020618556701,0.05952380952380952,0.16923076923076924,0.08024691358024691,0.17777777777777778,0.02702702702702703,0.6666666666666666,0.09230769230769231,0.5,0.5,0.3333333333333333,0.1076923076923077,0.21428571428571427,0.23076923076923078,0.3333333333333333,0.23846153846153847,0.4838709677419355,0.5,0.26666666666666666,0.08461538461538462,0.47692307692307695,0.3548387096774194,0.36065573770491804,0.7272727272727273,,,,0.4166666666666667,0.045454545454545456,,0.09090909090909091,0.5,0.36363636363636365,0.6538461538461539,0.3548387096774194,0.4897846153846154,0.47554285714285716,0.4648738636363637,0.05925925925925926,0.11290322580645161,0.0851063829787234,0.3049645390070922,12.321052631578949,25.599999999999998,0.3101010101010101,6.0,1.0,1.0,2.0,1.0,2.0,,,2.0,2.0,1.0,1.0,1.0,,,,2.0,0.3333333333333333,0.0273972602739726,0.09090909090909091,0.016129032258064516,0.007407407407407408,,0.5454545454545454,0.6,0.8333333333333334,0.08333333333333333,1.0,1.0,0.2,1.0,0.5,0.0136986301369863,2.0,,,,,,,,False
1626185,1610612753,Jarell Martin,Jarell Martin,1626185,ORL,19004.0,317.0,20.0,665.0,668.0,241.0,270.0,63.0,1333.0,13.0,18.0,3.0,4.0,6.0,6.0,2.0,4.0,7.0,22.0,29.0,11.0,10.0,27.0,,5.0,11.0,22.0,44.0,19.0,56.0,9.0,110.0,691.0,4.0,6.0,2.0,1.0,9.0,12.0,19.0,8.0,22.0,2.0,50.0,30.0,14.0,57.0,,27.0,10.0,4.0,11.0,7.0,18.0,4.0,3.0,5.0,3.0,3.0,43.0,8.0,3.0,,32.0,26.0,3.0,61.0,11.0,72.0,,3.0,,3.0,2.0,3.0,1.0,9.0,1.0,1.0,1.0,11.0,,3.0,31.0,50.0,4.0,3.0,17.0,2.0,1.0,11.0,3.0,7.0,,7.0,2.0,7.0,1.0,50.0,241.0,8.0,,0.6818181818181818,0.75,1.0,0.3392857142857143,0.36363636363636365,0.3392857142857143,0.5,0.6666666666666666,0.631578947368421,0.505,0.5,0.5853658536585366,0.5288461538461539,0.5,0.5952380952380952,0.56,0.09090909090909091,0.1111111111111111,0.25,0.045454545454545456,15.603799185888738,0.18181818181818182,0.25,,0.15950920245398773,0.015706806282722512,0.22695035460992907,0.06015037593984962,0.19078947368421054,0.033950617283950615,0.045454545454545456,0.016666666666666666,0.06,0.19696969696969696,0.08620689655172414,0.20512820512820512,0.24107142857142858,0.1724137931034483,,0.14285714285714285,0.18,0.7222222222222222,0.8125,0.6923076923076923,0.04,0.5,0.6666666666666666,,0.22,0.3181818181818182,0.3333333333333333,0.8571428571428571,0.29,0.27,0.37037037037037035,0.38461538461538464,1.0,0.5,0.75,0.3333333333333333,,0.14634146341463414,1.0,0.2682926829268293,0.2682926829268293,0.45454545454545453,0.74,0.37037037037037035,0.5228295,0.48472499999999996,0.5158804878048782,0.0673076923076923,0.14583333333333334,0.08181818181818182,0.45454545454545453,11.145454545454545,24.671428571428574,0.362406015037594,9.0,,2.0,3.0,,,4.0,,2.0,1.0,,,,,,1.0,4.0,,0.03571428571428571,0.034482758620689655,0.037037037037037035,,0.06060606060606061,0.3103448275862069,0.32142857142857145,1.0,0.25,,,,,0.2727272727272727,,1.0,,,,,,,,False
1628411,1610612753,Wes Iwundu,Wes Iwundu,1628411,ORL,35964.0,599.0,27.0,1239.0,1252.0,417.0,338.0,123.0,2491.0,26.0,52.0,8.0,12.0,9.0,18.0,8.0,20.0,4.0,22.0,15.0,4.0,5.0,21.0,1.0,2.0,8.0,38.0,94.0,8.0,36.0,40.0,140.0,1301.0,9.0,14.0,2.0,9.0,27.0,16.0,33.0,2.0,12.0,16.0,54.0,28.0,48.0,24.0,,20.0,5.0,11.0,22.0,17.0,39.0,14.0,3.0,12.0,4.0,6.0,95.0,12.0,9.0,,46.0,38.0,4.0,88.0,21.0,109.0,2.0,12.0,9.0,3.0,15.0,3.0,10.0,9.0,,5.0,1.0,24.0,1.0,10.0,32.0,60.0,2.0,1.0,35.0,2.0,3.0,45.0,3.0,19.0,5.0,8.0,4.0,8.0,5.0,54.0,417.0,2.0,4.0,0.3684210526315789,0.4375,1.0,0.2222222222222222,0.16666666666666666,0.22857142857142856,0.40425531914893614,0.6428571428571429,0.48484848484848486,0.38461538461538464,0.5625,0.4222222222222222,0.46357615894039733,0.6428571428571429,0.5094339622641509,0.27692307692307694,0.11702127659574468,0.19230769230769232,0.05,,12.61715933669791,0.625,0.12121212121212122,,0.10614525139664804,0.023195876288659795,0.1803921568627451,0.04878048780487805,0.1370309951060359,0.033123028391167195,0.06896551724137931,,0.045454545454545456,0.13286713286713286,0.07042253521126761,0.1232876712328767,0.17412935323383086,0.2037037037037037,0.028169014084507043,0.625,0.4,0.5,0.6190476190476191,0.3076923076923077,0.15384615384615385,0.4,0.42105263157894735,0.375,0.16923076923076924,0.18181818181818182,0.18181818181818182,0.75,0.11538461538461539,0.16153846153846155,0.23809523809523808,0.25,1.0,0.75,0.6666666666666666,,0.0625,0.4,0.5,0.08888888888888889,0.17777777777777778,0.25,0.676923076923077,0.25,0.5217631782945739,0.60266,0.5162670454545454,0.13013698630136986,0.17272727272727273,0.19285714285714287,0.38571428571428573,7.2031914893617035,25.472222222222218,0.3365617433414044,3.0,,1.0,,,,12.0,1.0,1.0,3.0,,,,,,1.0,3.0,,0.027777777777777776,,0.047619047619047616,0.007352941176470588,0.0625,0.2,0.2,1.0,0.0625,,,,,,,,1.0,,,,,,,False
1628505,1610612753,Troy Caupain,Troy Caupain,1628505,ORL,938.0,16.0,8.0,32.0,32.0,18.0,24.0,4.0,64.0,,1.0,,,,1.0,1.0,2.0,1.0,2.0,,,2.0,3.0,1.0,2.0,3.0,2.0,5.0,2.0,3.0,,10.0,32.0,,,1.0,,3.0,1.0,3.0,2.0,3.0,,8.0,,4.0,3.0,3.0,3.0,2.0,,3.0,1.0,4.0,1.0,,3.0,,,9.0,1.0,,,1.0,1.0,,2.0,1.0,3.0,,1.0,1.0,,,,,,,,,,,,,,,,,,,,,,,,,,,8.0,18.0,,,,,0.5,0.6666666666666666,0.6666666666666666,0.6666666666666666,0.4,,0.3333333333333333,0.625,1.5,0.6666666666666666,0.625,1.5,0.6666666666666666,0.375,,,,,21.62162162162162,,,,0.14285714285714285,,0.2,0.16666666666666666,0.16666666666666666,0.07142857142857142,,,0.16666666666666666,1.0,,,0.25,,,,0.125,,,,0.25,0.5,0.5,,0.25,0.5,0.5,,,0.375,0.6666666666666666,0.6666666666666666,0.5,,,,1.0,0.16666666666666666,,,0.5,0.6666666666666666,0.5,0.6666666666666666,0.48000624999999997,,0.5140583333333333,,,0.3,0.8,13.38,25.166666666666668,0.5625,,,,,1.0,1.0,,,,,,,,,,,,1.0,,,,,,,,,,,,1.0,1.0,,,,,,,,,,,False
1628518,1610612753,Amile Jefferson,Amile Jefferson,1628518,ORL,3509.0,58.0,14.0,129.0,128.0,57.0,80.0,18.0,257.0,9.0,12.0,4.0,7.0,5.0,7.0,1.0,4.0,,,,,,,,,,10.0,16.0,,,7.0,27.0,144.0,4.0,7.0,,,8.0,5.0,10.0,,,3.0,13.0,14.0,6.0,,,,,1.0,2.0,1.0,3.0,1.0,,,1.0,1.0,7.0,1.0,4.0,,7.0,6.0,1.0,14.0,5.0,19.0,,3.0,3.0,,,,,1.0,,,1.0,1.0,,,3.0,8.0,1.0,,4.0,,,8.0,,4.0,,3.0,1.0,3.0,2.0,13.0,57.0,3.0,,0.7,1.0,,,,,0.625,0.5714285714285714,0.5,0.625,0.5714285714285714,0.5,0.675,0.5714285714285714,0.5416666666666666,,0.0625,0.08333333333333333,,,14.18918918918919,,0.5,,0.2727272727272727,0.13333333333333333,0.23333333333333334,0.029411764705882353,0.25,0.078125,0.2,0.1,0.037037037037037035,0.3333333333333333,0.375,0.125,0.28,,,0.6666666666666666,0.75,0.75,0.8181818181818182,0.6666666666666666,0.25,0.25,0.25,1.0,,,,,,,,,,1.0,0.5714285714285714,0.25,,0.7,0.7142857142857143,,,,0.75,,0.5465375,0.5999,0.5437,0.2,0.2,0.2962962962962963,0.48148148148148145,2.7875,,0.4418604651162791,,,,,,,6.0,,,,,,,,,,2.0,,,,,0.1,,,,,,,,,,,,,,,,,,,,False
1628515,1610612753,Isaiah Briscoe,Isaiah Briscoe,1628515,ORL,16113.0,269.0,14.0,556.0,563.0,198.0,167.0,53.0,1119.0,16.0,23.0,,,7.0,10.0,1.0,9.0,6.0,22.0,5.0,3.0,3.0,9.0,1.0,3.0,4.0,23.0,54.0,6.0,14.0,6.0,70.0,551.0,,5.0,1.0,,,9.0,23.0,5.0,7.0,6.0,39.0,4.0,42.0,15.0,3.0,9.0,3.0,3.0,20.0,25.0,45.0,18.0,7.0,10.0,4.0,6.0,115.0,,3.0,,16.0,17.0,,33.0,3.0,36.0,1.0,3.0,2.0,1.0,7.0,4.0,7.0,9.0,2.0,,,16.0,1.0,3.0,14.0,30.0,1.0,1.0,24.0,,2.0,13.0,3.0,5.0,3.0,1.0,1.0,1.0,,39.0,198.0,3.0,3.0,0.08695652173913043,0.08695652173913043,0.8333333333333334,0.42857142857142855,0.7142857142857143,0.42857142857142855,0.42592592592592593,,0.391304347826087,0.47058823529411764,,0.55,0.4794520547945205,,0.5571428571428572,0.20588235294117646,0.05555555555555555,0.043478260869565216,0.1111111111111111,0.045454545454545456,14.424635332252837,0.4375,,,0.10759493670886076,0.018518518518518517,0.12698412698412698,,0.11619718309859155,0.011152416356877323,,0.022222222222222223,,0.05263157894736842,0.11475409836065574,0.175,0.14423076923076922,0.045454545454545456,0.027777777777777776,,0.3382352941176471,0.6956521739130435,0.7272727272727273,0.0625,0.1323529411764706,0.1111111111111111,0.125,,0.3235294117647059,0.2727272727272727,0.2857142857142857,0.16666666666666666,0.07352941176470588,0.1323529411764706,0.3333333333333333,0.3333333333333333,0.6666666666666666,,,,0.16666666666666666,0.3333333333333333,0.7,0.1,0.13333333333333333,0.75,0.5441176470588235,0.3333333333333333,0.49033235294117644,0.40402499999999997,0.477075,0.07142857142857142,0.08928571428571429,,0.5571428571428572,10.075925925925926,24.599999999999998,0.35611510791366907,3.0,,,2.0,,,,,,1.0,,,,,,,,,,,,0.027777777777777776,,0.6,0.6,1.0,,,,,,0.6666666666666666,,4.0,,,1.0,,,,,False
1628964,1610612753,Mo Bamba,Mo Bamba,1628964,ORL,21126.0,352.0,-117.0,718.0,719.0,162.0,145.0,60.0,1437.0,20.0,32.0,5.0,10.0,6.0,10.0,7.0,22.0,8.0,22.0,12.0,1.0,6.0,24.0,,,4.0,35.0,76.0,11.0,36.0,16.0,119.0,817.0,5.0,11.0,,1.0,11.0,8.0,19.0,,5.0,5.0,21.0,56.0,14.0,30.0,3.0,24.0,6.0,5.0,16.0,5.0,21.0,5.0,,2.0,7.0,7.0,47.0,3.0,21.0,,22.0,36.0,9.0,67.0,24.0,91.0,1.0,5.0,3.0,2.0,7.0,1.0,3.0,7.0,1.0,4.0,,14.0,3.0,4.0,31.0,44.0,2.0,5.0,25.0,3.0,,22.0,4.0,10.0,3.0,26.0,21.0,26.0,12.0,21.0,162.0,3.0,3.0,0.8,0.9333333333333333,0.9090909090909091,0.3055555555555556,,0.3055555555555556,0.4605263157894737,0.45454545454545453,0.42105263157894735,0.45982142857142855,0.45454545454545453,0.3333333333333333,0.49173553719008267,0.5,0.3888888888888889,0.32142857142857145,0.06578947368421052,0.09375,0.09090909090909091,,17.197452229299365,0.5,0.5294117647058824,,0.1945945945945946,0.08898305084745763,0.15172413793103448,0.023622047244094488,0.17575757575757575,0.06611570247933884,0.10416666666666667,0.08641975308641975,0.019801980198019802,0.16883116883116883,0.25806451612903225,0.15217391304347827,0.1592920353982301,0.125,0.016666666666666666,0.46153846153846156,0.2857142857142857,0.625,0.6896551724137931,0.7,0.19642857142857142,0.3181818181818182,0.35,1.0,0.19642857142857142,0.36363636363636365,0.36363636363636365,0.875,0.10714285714285714,0.21428571428571427,0.25,0.25,0.8333333333333334,0.9090909090909091,0.5,,,0.4166666666666667,0.6,0.041666666666666664,0.16666666666666666,,0.6071428571428571,0.25,0.49900401785714293,0.5484700000000001,0.5204125000000001,0.0847457627118644,0.12195121951219512,0.09243697478991597,0.17647058823529413,8.256578947368421,25.008333333333336,0.22562674094707522,5.0,,,,,,10.0,,,,,,,,,,5.0,,,,,0.08411214953271028,0.038461538461538464,0.4166666666666667,0.4166666666666667,1.0,,,,,,,,1.0,3.0,,,,1.0,,,False
203920,1610612753,Khem Birch,Khem Birch,203920,ORL,11894.0,198.0,-20.0,404.0,407.0,158.0,116.0,47.0,811.0,20.0,28.0,5.0,11.0,9.0,12.0,7.0,19.0,,3.0,,,,1.0,,,1.0,27.0,50.0,,1.0,14.0,68.0,442.0,6.0,13.0,,2.0,14.0,13.0,24.0,,1.0,7.0,33.0,36.0,18.0,,,1.0,,5.0,10.0,4.0,14.0,3.0,1.0,3.0,2.0,5.0,32.0,5.0,17.0,2.0,19.0,11.0,2.0,32.0,24.0,56.0,2.0,6.0,6.0,,4.0,1.0,3.0,3.0,1.0,1.0,,7.0,3.0,3.0,8.0,17.0,2.0,1.0,17.0,1.0,,20.0,2.0,9.0,2.0,9.0,6.0,9.0,2.0,33.0,158.0,2.0,1.0,0.6666666666666666,0.8181818181818182,,,,,0.54,0.46153846153846156,0.5416666666666666,0.5294117647058824,0.46153846153846156,0.52,0.5666666666666667,0.5,0.5689655172413793,0.0196078431372549,0.1,0.10714285714285714,0.10526315789473684,,14.533622559652928,0.5714285714285714,0.18181818181818182,0.14285714285714285,0.10091743119266056,0.1259259259259259,0.21839080459770116,0.06666666666666667,0.15306122448979592,0.10476190476190476,0.3055555555555556,0.022222222222222223,0.05,0.05,0.13333333333333333,0.125,0.22857142857142856,0.17647058823529413,0.10526315789473684,0.2222222222222222,0.5490196078431373,0.7142857142857143,0.8,0.6,0.37254901960784315,0.3684210526315789,0.4117647058823529,0.8571428571428571,0.058823529411764705,,,,,0.0196078431372549,,,,0.8461538461538461,0.45454545454545453,,,0.48,0.75,,0.04,,0.5686274509803921,,0.5355637254901962,0.5811727272727272,0.534026,0.15517241379310345,0.15789473684210525,0.20588235294117646,0.4852941176470588,4.4319999999999995,26.5,0.3910891089108911,,,,,,,10.0,,,,,,,,,,3.0,,,,,0.09259259259259259,0.13333333333333333,,,,,,,,,,,1.0,,,,,,,,False
1628982,1610612753,Melvin Frazier Jr.,Melvin Frazier Jr.,1628982,ORL,2657.0,44.0,-9.0,99.0,94.0,65.0,62.0,15.0,193.0,5.0,7.0,,,4.0,6.0,1.0,5.0,1.0,3.0,3.0,3.0,,3.0,,,1.0,7.0,15.0,,6.0,1.0,15.0,104.0,1.0,2.0,,,2.0,5.0,11.0,,4.0,1.0,11.0,10.0,4.0,,,3.0,,,,1.0,1.0,1.0,,,,,3.0,2.0,1.0,,1.0,1.0,,2.0,3.0,5.0,,1.0,,1.0,,,,1.0,,,1.0,1.0,,1.0,3.0,6.0,,,4.0,,2.0,4.0,,1.0,1.0,,,,,11.0,65.0,1.0,1.0,0.7142857142857143,0.7142857142857143,,,,,0.4666666666666667,0.5,0.45454545454545453,0.3333333333333333,0.5,0.3333333333333333,0.32608695652173914,0.5,0.3235294117647059,0.2857142857142857,,,,,20.512820512820515,,,,0.05555555555555555,0.034482758620689655,0.043478260869565216,0.07692307692307693,0.04878048780487805,0.05454545454545454,,0.08333333333333333,0.1,0.2,,,0.045454545454545456,,,,0.3333333333333333,0.7142857142857143,0.7142857142857143,1.0,0.23809523809523808,0.2,0.2,,0.14285714285714285,0.3333333333333333,0.3333333333333333,,0.14285714285714285,0.14285714285714285,,,,,,,,0.4,0.6666666666666666,0.2,0.06666666666666667,,0.6190476190476191,,0.523154761904762,0.3983,0.5478466666666667,0.045454545454545456,0.0625,0.13333333333333333,0.7333333333333333,7.1466666666666665,24.166666666666668,0.6565656565656566,,,,,,,,,,,,,,,,,,,,,,,,,,,,,,,,,,,,,,,,,,False
203082,1610612753,Terrence Ross,Terrence Ross,203082,ORL,53588.0,893.0,-62.0,1821.0,1839.0,465.0,428.0,179.0,3660.0,23.0,34.0,1.0,2.0,7.0,12.0,19.0,44.0,65.0,142.0,22.0,8.0,80.0,200.0,12.0,16.0,49.0,107.0,220.0,89.0,222.0,52.0,533.0,2004.0,8.0,18.0,13.0,4.0,29.0,19.0,45.0,18.0,57.0,20.0,112.0,146.0,68.0,207.0,60.0,196.0,80.0,10.0,36.0,16.0,52.0,10.0,6.0,20.0,8.0,8.0,120.0,5.0,3.0,,43.0,51.0,7.0,101.0,8.0,109.0,2.0,36.0,26.0,10.0,30.0,7.0,22.0,14.0,1.0,8.0,2.0,44.0,2.0,13.0,23.0,43.0,1.0,4.0,39.0,3.0,1.0,59.0,2.0,4.0,6.0,10.0,5.0,13.0,6.0,112.0,463.0,4.0,5.0,0.6822429906542056,0.6886792452830188,0.7752808988764045,0.4009009009009009,0.3157894736842105,0.40825688073394495,0.4863636363636364,0.4444444444444444,0.4222222222222222,0.5441176470588235,0.4032258064516129,0.45098039215686275,0.5737527114967462,0.4393939393939394,0.5045454545454545,0.502262443438914,0.045454545454545456,0.058823529411764705,0.06818181818181818,0.035211267605633804,24.71799901912702,0.6818181818181818,0.14285714285714285,,0.10537190082644628,0.0053285968028419185,0.11716621253405994,0.014005602240896359,0.11045828437132785,0.008695652173913044,0.012987012987012988,0.005025125628140704,0.014388489208633094,0.056179775280898875,0.0893854748603352,0.1968503937007874,0.11888111888111888,0.1111111111111111,0.008849557522123894,0.46153846153846156,0.07692307692307693,0.6764705882352942,0.71875,0.6086956521739131,0.09954751131221719,0.4318181818181818,0.4634146341463415,0.631578947368421,0.3212669683257919,0.45774647887323944,0.4744525547445255,0.7230769230769231,0.049773755656108594,0.45248868778280543,0.4,0.40404040404040403,0.75,0.06451612903225806,0.5,,0.3870967741935484,0.11764705882352941,0.5833333333333334,0.0784313725490196,0.4803921568627451,0.32653061224489793,0.579185520361991,0.40816326530612246,0.483901712328767,0.45903541666666675,0.4763989795918368,0.041758241758241756,0.018018018018018018,0.054409005628517824,0.2101313320825516,14.088636363636368,26.36981981981983,0.2553542009884679,9.0,1.0,1.0,2.0,2.0,3.0,2.0,4.0,3.0,,4.0,5.0,15.0,3.0,1.0,3.0,2.0,0.23076923076923078,0.013513513513513514,0.045454545454545456,0.01,,0.012658227848101266,0.4090909090909091,0.42857142857142855,1.0,0.03225806451612903,1.0,1.0,0.16666666666666666,0.5,0.25,0.06437768240343347,,,,,,,2.0,,False
203487,1610612753,Michael Carter-Williams,Michael Carter-Williams,203487,ORL,4553.0,76.0,14.0,154.0,160.0,44.0,43.0,22.0,314.0,2.0,5.0,1.0,2.0,,2.0,5.0,11.0,,1.0,3.0,,,2.0,,,,7.0,17.0,1.0,5.0,6.0,23.0,184.0,1.0,4.0,1.0,,2.0,,6.0,,,1.0,1.0,2.0,12.0,3.0,,2.0,,2.0,7.0,8.0,15.0,7.0,1.0,3.0,4.0,,38.0,4.0,2.0,,5.0,4.0,,9.0,6.0,15.0,,2.0,,2.0,,,,,,,,,,,4.0,6.0,,,11.0,,1.0,8.0,,3.0,1.0,2.0,1.0,3.0,2.0,1.0,44.0,,1.0,0.14285714285714285,0.16666666666666666,1.0,0.2,,0.2,0.4117647058823529,0.25,,0.38636363636363635,0.2,,0.4423076923076923,0.2,0.07142857142857142,0.22727272727272727,0.11764705882352941,0.4,,,14.207650273224044,,,,0.12121212121212122,0.04,0.1388888888888889,0.125,0.13043478260869565,0.07317073170731707,,0.10526315789473684,0.09523809523809523,,0.2857142857142857,,0.10344827586206896,0.2857142857142857,,0.6666666666666666,0.22727272727272727,0.4,0.6666666666666666,,0.5,0.45454545454545453,0.45454545454545453,0.2,0.045454545454545456,,,,0.13636363636363635,0.09090909090909091,,,,0.4,0.5,,,0.3333333333333333,,,,,0.45454545454545453,,0.47129090909090915,0.5283,0.44530000000000003,0.12,0.15,0.08695652173913043,0.043478260869565216,5.917647058823529,24.46,0.2857142857142857,1.0,,1.0,,,,2.0,,,,,,,1.0,,,1.0,,,,,,0.18181818181818182,0.3333333333333333,0.3333333333333333,1.0,0.2,,,,,,,,,,,,,1.0,,False
202696,1610612753,Nikola Vucevic,Nikola Vucevic,202696,ORL,45348.0,756.0,35.0,1557.0,1565.0,446.0,388.0,155.0,3122.0,85.0,125.0,24.0,43.0,22.0,41.0,78.0,166.0,37.0,82.0,2.0,1.0,23.0,66.0,5.0,,11.0,200.0,373.0,24.0,68.0,65.0,537.0,1703.0,33.0,61.0,5.0,15.0,81.0,49.0,101.0,1.0,12.0,26.0,127.0,256.0,144.0,72.0,,66.0,23.0,25.0,59.0,36.0,95.0,22.0,14.0,42.0,9.0,8.0,226.0,18.0,52.0,,84.0,116.0,16.0,216.0,70.0,286.0,14.0,19.0,12.0,7.0,12.0,7.0,7.0,28.0,4.0,5.0,10.0,40.0,2.0,16.0,31.0,53.0,5.0,2.0,77.0,4.0,1.0,82.0,6.0,33.0,11.0,24.0,21.0,24.0,16.0,127.0,444.0,3.0,11.0,0.64,0.7272727272727273,1.0,0.35294117647058826,0.08333333333333333,0.35294117647058826,0.5361930294906166,0.5409836065573771,0.48514851485148514,0.5351473922902494,0.5,0.4469026548672566,0.5605427974947808,0.54,0.49224806201550386,0.15419501133786848,0.06702412868632708,0.064,0.10240963855421686,,29.72508591065292,0.3,0.45714285714285713,,0.26666666666666666,0.11581291759465479,0.28865979381443296,0.056962025316455694,0.27548209366391185,0.0915032679738562,0.15753424657534246,0.11834319526627218,0.06746031746031746,0.24242424242424243,0.3373493975903614,0.19230769230769232,0.28,0.3181818181818182,0.07291666666666667,0.6666666666666666,0.2834467120181406,0.68,0.7264957264957265,0.5882352941176471,0.3764172335600907,0.46987951807228917,0.5234899328859061,0.5769230769230769,0.18594104308390022,0.45121951219512196,0.45121951219512196,0.8918918918918919,0.0045351473922902496,0.14965986394557823,0.3484848484848485,0.3484848484848485,1.0,0.6515151515151515,0.5581395348837209,0.041666666666666664,0.07575757575757576,0.36283185840707965,0.5365853658536586,0.008849557522123894,0.09734513274336283,,0.4376417233560091,0.3484848484848485,0.46993242630385484,0.5410685185185186,0.4781070796460177,0.07051282051282051,0.0825,0.15083798882681565,0.23649906890130354,8.288203753351208,25.46764705882353,0.28644829800899163,1.0,,,1.0,,,48.0,,,2.0,,,,,,1.0,2.0,,,,,0.06716417910447761,0.015625,0.5,0.5,1.0,,,,,,1.0,,1.0,,1.0,,2.0,2.0,,,False
203095,1610612753,Evan Fournier,Evan Fournier,203095,ORL,40052.0,668.0,-24.0,1358.0,1359.0,315.0,289.0,140.0,2717.0,49.0,82.0,4.0,6.0,13.0,23.0,22.0,60.0,29.0,64.0,14.0,4.0,29.0,99.0,9.0,5.0,22.0,100.0,206.0,35.0,113.0,49.0,354.0,1546.0,8.0,13.0,11.0,1.0,26.0,23.0,49.0,7.0,26.0,24.0,91.0,94.0,106.0,75.0,30.0,97.0,29.0,18.0,58.0,30.0,88.0,20.0,10.0,26.0,19.0,13.0,206.0,1.0,11.0,,23.0,26.0,1.0,50.0,12.0,62.0,4.0,14.0,12.0,2.0,27.0,10.0,20.0,13.0,,7.0,,40.0,1.0,9.0,22.0,53.0,4.0,2.0,54.0,,2.0,60.0,15.0,27.0,9.0,2.0,2.0,2.0,1.0,91.0,313.0,7.0,8.0,0.47,0.4845360824742268,0.7142857142857143,0.30973451327433627,0.2692307692307692,0.3153153153153153,0.4854368932038835,0.6153846153846154,0.46938775510204084,0.4780564263322884,0.5208333333333334,0.44666666666666666,0.5147058823529411,0.5416666666666666,0.5113636363636364,0.3542319749216301,0.08737864077669903,0.08536585365853659,0.16666666666666666,0.015625,24.80366492146597,0.675,0.03571428571428571,,0.0718232044198895,0.027707808564231738,0.08812260536398467,0.0036231884057971015,0.07865168539325842,0.017830609212481426,0.03076923076923077,0.02127659574468085,,0.06666666666666667,0.09375,0.047619047619047616,0.10945273631840796,0.016666666666666666,0.025157232704402517,0.5,0.25705329153605017,0.5975609756097561,0.6533333333333333,0.5102040816326531,0.18808777429467086,0.36666666666666664,0.44,0.5,0.2006269592476489,0.453125,0.4603174603174603,0.3793103448275862,0.0438871473354232,0.3103448275862069,0.29292929292929293,0.29292929292929293,0.7241379310344828,0.25,0.6666666666666666,0.25,0.375,0.30666666666666664,0.5652173913043478,0.05333333333333334,0.29333333333333333,0.22727272727272727,0.6112852664576802,0.29896907216494845,0.49478233438485814,0.5074392857142856,0.48750743243243244,0.08157099697885196,0.12385321100917432,0.07344632768361582,0.2570621468926554,8.822330097087377,25.866371681415927,0.23195876288659795,6.0,1.0,2.0,2.0,2.0,3.0,6.0,2.0,,1.0,,4.0,,,,,,0.2727272727272727,,,,0.031746031746031744,0.019230769230769232,0.42857142857142855,0.42857142857142855,0.6666666666666666,0.08333333333333333,0.5,,0.2222222222222222,1.0,0.5,,,,,,,,,,False
203613,1610612753,Jonathon Simmons,Jonathon Simmons,203613,ORL,22938.0,382.0,-62.0,802.0,801.0,219.0,198.0,69.0,1603.0,26.0,42.0,2.0,4.0,9.0,13.0,17.0,43.0,3.0,18.0,7.0,2.0,7.0,23.0,2.0,3.0,9.0,46.0,103.0,9.0,30.0,31.0,150.0,913.0,3.0,5.0,2.0,5.0,14.0,14.0,32.0,3.0,11.0,9.0,46.0,30.0,62.0,18.0,9.0,21.0,7.0,14.0,21.0,25.0,46.0,24.0,1.0,7.0,5.0,9.0,117.0,5.0,5.0,,10.0,23.0,,33.0,10.0,43.0,4.0,11.0,5.0,6.0,27.0,2.0,14.0,5.0,1.0,13.0,,32.0,2.0,12.0,14.0,29.0,,,42.0,2.0,3.0,38.0,6.0,21.0,1.0,8.0,5.0,8.0,6.0,46.0,219.0,4.0,1.0,0.32608695652173914,0.3409090909090909,0.6666666666666666,0.3,0.2727272727272727,0.32142857142857145,0.44660194174757284,0.6,0.4375,0.4473684210526316,0.6428571428571429,0.43023255813953487,0.5033557046979866,0.7777777777777778,0.48936170212765956,0.22556390977443608,0.13592233009708737,0.14285714285714285,0.16279069767441862,0.05555555555555555,20.685714285714287,0.84375,,,0.10697674418604651,0.022026431718061675,0.06756756756756757,0.035211267605633804,0.09090909090909091,0.02710027100271003,0.0392156862745098,0.03225806451612903,0.02654867256637168,0.060240963855421686,0.15,0.11538461538461539,0.07142857142857142,0.05555555555555555,0.07017543859649122,0.75,0.3157894736842105,0.6190476190476191,0.7222222222222222,0.4230769230769231,0.3233082706766917,0.3953488372093023,0.4722222222222222,0.23529411764705882,0.13533834586466165,0.16666666666666666,0.17647058823529413,,0.05263157894736842,0.17293233082706766,0.30434782608695654,0.35,0.5714285714285714,0.5714285714285714,0.5,,0.2857142857142857,0.3023255813953488,0.6923076923076923,0.046511627906976744,0.20930232558139536,0.3333333333333333,0.5413533834586466,0.3333333333333333,0.4760545801526717,0.5089142857142858,0.4708756097560975,0.14189189189189189,0.17796610169491525,0.09333333333333334,0.30666666666666664,7.516504854368932,27.026666666666664,0.2730673316708229,2.0,,,,1.0,1.0,4.0,2.0,4.0,,,,,,,2.0,1.0,0.5,0.13333333333333333,0.14285714285714285,0.13043478260869565,,0.06896551724137931,0.2857142857142857,0.3333333333333333,1.0,,,,0.5,1.0,,,3.0,,,2.0,,,,,False
201571,1610612753,D.J. Augustin,D.J. Augustin,201571,ORL,33715.0,562.0,64.0,1162.0,1146.0,332.0,275.0,119.0,2308.0,29.0,53.0,3.0,3.0,10.0,16.0,12.0,34.0,6.0,18.0,20.0,2.0,39.0,76.0,4.0,11.0,21.0,47.0,105.0,49.0,96.0,43.0,284.0,1265.0,4.0,10.0,6.0,,23.0,12.0,27.0,13.0,23.0,13.0,76.0,22.0,72.0,81.0,66.0,76.0,39.0,7.0,71.0,43.0,114.0,29.0,14.0,36.0,17.0,18.0,271.0,1.0,10.0,,19.0,23.0,,42.0,11.0,53.0,2.0,18.0,12.0,6.0,17.0,5.0,14.0,11.0,2.0,3.0,,28.0,3.0,7.0,10.0,31.0,3.0,2.0,47.0,2.0,6.0,51.0,,14.0,5.0,1.0,,1.0,,72.0,330.0,4.0,2.0,0.23404255319148937,0.24444444444444444,0.5510204081632653,0.5104166666666666,0.5652173913043478,0.5104166666666666,0.44761904761904764,0.4,0.4444444444444444,0.599502487562189,0.71875,0.63,0.6261261261261262,0.71875,0.6666666666666666,0.47761194029850745,0.06666666666666667,0.018867924528301886,0.14705882352941177,0.05555555555555555,19.05126243305279,0.6071428571428571,,,0.0701219512195122,0.03003003003003003,0.09223300970873786,0.004166666666666667,0.07865168539325842,0.019197207678883072,0.03389830508474576,0.04032258064516129,0.00510204081632653,0.05511811023622047,0.038461538461538464,0.15492957746478872,0.09740259740259741,0.07692307692307693,0.021052631578947368,,0.263681592039801,0.5471698113207547,0.5576923076923077,0.27586206896551724,0.1691542288557214,0.35294117647058826,0.41379310344827586,0.08333333333333333,0.08955223880597014,0.3333333333333333,0.35294117647058826,0.3333333333333333,0.09950248756218906,0.3781094527363184,0.5131578947368421,0.52,0.46153846153846156,0.1875,1.0,0.3333333333333333,0.25,0.32,0.625,0.04,0.42,0.5238095238095238,0.7412935323383084,0.5131578947368421,0.5152273631840796,0.4785333333333334,0.517607,0.07834101382488479,0.11764705882352941,0.08098591549295775,0.2676056338028169,6.668571428571429,25.344791666666666,0.2857142857142857,10.0,1.0,2.0,2.0,4.0,5.0,4.0,,1.0,,1.0,6.0,3.0,,,1.0,,0.8333333333333334,0.010416666666666666,,0.013157894736842105,0.01098901098901099,,0.5,0.5,0.9,0.125,0.5,1.0,1.0,0.75,1.0,0.030612244897959183,4.0,,,2.0,,,,,False
1628371,1610612753,Jonathan Isaac,Jonathan Isaac,1628371,ORL,56725.0,945.0,-31.0,1924.0,1936.0,501.0,404.0,200.0,3860.0,60.0,98.0,19.0,36.0,19.0,29.0,15.0,38.0,11.0,36.0,38.0,8.0,25.0,83.0,3.0,4.0,16.0,86.0,172.0,40.0,121.0,67.0,359.0,2136.0,20.0,42.0,5.0,14.0,57.0,26.0,48.0,6.0,24.0,27.0,97.0,110.0,62.0,117.0,3.0,82.0,25.0,11.0,30.0,8.0,38.0,7.0,1.0,13.0,8.0,9.0,84.0,20.0,34.0,1.0,63.0,80.0,10.0,153.0,55.0,208.0,5.0,27.0,14.0,13.0,20.0,5.0,14.0,17.0,3.0,6.0,,37.0,2.0,8.0,49.0,81.0,2.0,4.0,75.0,9.0,3.0,81.0,6.0,36.0,6.0,49.0,36.0,51.0,25.0,97.0,499.0,7.0,6.0,0.6395348837209303,0.7857142857142857,0.975,0.3305785123966942,0.25,0.3333333333333333,0.5,0.47619047619047616,0.5416666666666666,0.49829351535836175,0.4574468085106383,0.4861111111111111,0.543939393939394,0.5181818181818182,0.5574712643678161,0.4129692832764505,0.06395348837209303,0.08163265306122448,0.07894736842105263,,16.928044280442805,0.5405405405405406,0.20408163265306123,0.03225806451612903,0.148975791433892,0.05811965811965812,0.1693548387096774,0.05181347150259067,0.1573157315731573,0.055612770339855816,0.08839779005524862,0.05504587155963303,0.047619047619047616,0.10891089108910891,0.14009661835748793,0.2265625,0.1724137931034483,0.15853658536585366,0.032679738562091505,0.49019607843137253,0.33447098976109213,0.6122448979591837,0.6666666666666666,0.6166666666666667,0.1296928327645051,0.39473684210526316,0.42857142857142855,0.7333333333333333,0.12286689419795221,0.3055555555555556,0.3055555555555556,0.6363636363636364,0.1296928327645051,0.2832764505119454,0.30120481927710846,0.3048780487804878,0.96,0.7659574468085106,0.5277777777777778,0.15789473684210525,0.06382978723404255,0.4027777777777778,0.6551724137931034,0.1111111111111111,0.2222222222222222,0.25,0.7474402730375427,0.3048780487804878,0.5223140410958903,0.5548628571428571,0.5130423611111112,0.11419753086419752,0.1782178217821782,0.15877437325905291,0.27019498607242337,6.738953488372095,25.304132231404953,0.2603950103950104,15.0,,2.0,2.0,1.0,1.0,32.0,1.0,1.0,2.0,,,1.0,2.0,,,13.0,0.2,0.008264462809917356,,0.012048192771084338,0.03225806451612903,0.07042253521126761,0.39473684210526316,0.39473684210526316,1.0,0.0425531914893617,,,0.3333333333333333,1.0,0.25,0.00819672131147541,5.0,,,1.0,1.0,,2.0,,False
