EntityId,TeamId,Name,ShortName,RowId,TeamAbbreviation,SecondsPlayed,Minutes,PlusMinus,OffPoss,DefPoss,PenaltyOffPoss,PenaltyDefPoss,SecondChanceOffPoss,TotalPoss,AtRimFGM,AtRimFGA,SecondChanceAtRimFGM,SecondChanceAtRimFGA,PenaltyAtRimFGM,PenaltyAtRimFGA,ShortMidRangeFGM,ShortMidRangeFGA,LongMidRangeFGM,LongMidRangeFGA,Corner3FGM,Corner3FGA,SecondChanceCorner3FGA,PenaltyCorner3FGM,PenaltyCorner3FGA,Arc3FGM,Arc3FGA,SecondChanceArc3FGM,SecondChanceArc3FGA,PenaltyArc3FGM,PenaltyArc3FGA,FG2M,FG2A,FG3M,FG3A,FtPoints,Points,OpponentPoints,SecondChanceFG2M,SecondChanceFG2A,SecondChanceFG3M,SecondChanceFG3A,SecondChanceFtPoints,SecondChancePoints,PenaltyFG2M,PenaltyFG2A,PenaltyFG3M,PenaltyFG3A,PenaltyFtPoints,PenaltyPoints,PtsAssisted2s,PtsUnassisted2s,PtsAssisted3s,PtsUnassisted3s,PtsPutbacks,NonHeaveArc3FGA,NonHeaveArc3FGM,Fg2aBlocked,Fg3aBlocked,TwoPtAssists,ThreePtAssists,Assists,Arc3Assists,Corner3Assists,AtRimAssists,ShortMidRangeAssists,LongMidRangeAssists,AssistPoints,OffThreePtRebounds,OffTwoPtRebounds,DefThreePtRebounds,DefTwoPtRebounds,DefRebounds,OffRebounds,Rebounds,SelfOReb,Steals,BadPassSteals,LostBallSteals,LiveBallTurnovers,BadPassOutOfBoundsTurnovers,BadPassTurnovers,DeadBallTurnovers,LostBallOutOfBoundsTurnovers,LostBallTurnovers,Travels,Turnovers,SecondChanceTurnovers,PenaltyTurnovers,ShootingFouls,Fouls,Clear Path Fouls,Loose Ball Fouls,Offensive Fouls,FTA,2pt And 1 Free Throw Trips,Technical Free Throw Trips,TwoPtShootingFoulsDrawn,NonShootingFoulsDrawn,Blocked2s,BlockedAtRim,BlockedLongMidRange,BlockedShortMidRange,Blocks,RecoveredBlocks,PenaltyPointsExcludingTakeFouls,PenaltyOffPossExcludingTakeFouls,NonShootingPenaltyNonTakeFouls,Assisted2sPct,NonPutbacksAssisted2sPct,Assisted3sPct,Fg3Pct,SecondChanceFg3Pct,PenaltyFg3Pct,NonHeaveFg3Pct,Fg2Pct,SecondChanceFg2Pct,PenaltyFg2Pct,EfgPct,SecondChanceEfgPct,PenaltyEfgPct,TsPct,SecondChanceTsPct,PenaltyTsPct,FG3APct,FG3APctBlocked,FG2APctBlocked,AtRimPctBlocked,ShortMidRangePctBlocked,LongMidRangePctBlocked,Arc3PctBlocked,Usage,LiveBallTurnoverPct,DefTwoPtReboundPct,OffTwoPtReboundPct,DefThreePtReboundPct,OffThreePtReboundPct,DefFGReboundPct,OffFGReboundPct,OffAtRimReboundPct,OffShortMidRangeReboundPct,OffLongMidRangeReboundPct,OffArc3ReboundPct,DefAtRimReboundPct,DefShortMidRangeReboundPct,DefLongMidRangeReboundPct,DefArc3ReboundPct,DefCorner3ReboundPct,SelfORebPct,BlocksRecoveredPct,AtRimFrequency,AtRimAccuracy,UnblockedAtRimAccuracy,AtRimPctAssisted,ShortMidRangeFrequency,ShortMidRangeAccuracy,UnblockedShortMidRangeAccuracy,ShortMidRangePctAssisted,LongMidRangeFrequency,LongMidRangeAccuracy,UnblockedLongMidRangeAccuracy,LongMidRangePctAssisted,Corner3Frequency,Corner3Accuracy,UnblockedCorner3Accuracy,Corner3PctAssisted,Arc3Frequency,Arc3Accuracy,UnblockedArc3Accuracy,Arc3PctAssisted,SecondChanceAtRimFrequency,SecondChanceAtRimAccuracy,SecondChanceAtRimPctAssisted,SecondChanceCorner3Frequency,SecondChanceArc3Frequency,SecondChanceArc3Accuracy,SecondChanceArc3PctAssisted,PenaltyAtRimFrequency,PenaltyAtRimAccuracy,PenaltyCorner3Frequency,PenaltyCorner3Accuracy,PenaltyArc3Frequency,PenaltyArc3Accuracy,AtRimFG3AFrequency,NonHeaveArc3Accuracy,ShotQualityAvg,SecondChanceShotQualityAvg,PenaltyShotQualityAvg,ShootingFoulsDrawnPct,TwoPtShootingFoulsDrawnPct,SecondChancePointsPct,PenaltyPointsPct,Avg2ptShotDistance,Avg3ptShotDistance,PenaltyOffPossPct,FTOffRebounds,FTDefRebounds,DefensiveGoaltends,3SecondViolations,Defensive 3 Seconds Violations,DefFTReboundPct,OffFTReboundPct,OffCorner3ReboundPct,SecondChanceCorner3FGM,HeaveAttempts,SecondChanceCorner3Accuracy,SecondChanceCorner3PctAssisted,Blocked3s,BlockedArc3,BlockedCorner3,on,ThreePtShootingFoulsDrawn,Corner3PctBlocked,ThreePtShootingFoulsDrawnPct,FoulsDrawn,Offensive Fouls Drawn,HeaveMakes,3pt And 1 Free Throw Trips,OffensiveGoaltends
133,1610612766,David Wesley,David Wesley,133,CHH,63169.0,1053,25,1986,1978,607.0,588.0,260.0,3964,29.0,50.0,3.0,3.0,7.0,16.0,3.0,18.0,66.0,169.0,13.0,38.0,3.0,1.0,10.0,24.0,75.0,2.0,10.0,12.0,29.0,98.0,237.0,37.0,113.0,46.0,353.0,2019.0,9.0,19.0,2.0,13.0,4.0,28.0,21.0,57.0,13.0,39.0,26.0,107.0,146.0,50.0,108.0,3.0,6.0,75.0,24.0,14.0,1.0,72.0,14.0,86.0,11.0,3.0,34.0,18.0,20.0,186.0,2.0,19.0,10.0,31.0,41.0,21.0,62.0,3.0,26.0,17.0,9.0,23.0,9.0,20.0,21.0,3.0,3.0,1.0,44.0,3.0,17.0,28.0,70.0,1.0,2.0,6.0,67.0,3.0,8.0,13.0,18.0,5.0,1.0,2.0,2.0,5.0,3.0,107.0,607.0,4.0,0.7448979591836735,0.7684210526315789,0.972972972972973,0.3274336283185841,0.15384615384615385,0.3333333333333333,0.3274336283185841,0.41350210970464135,0.47368421052631576,0.3684210526315789,0.43857142857142856,0.375,0.421875,0.4576719576719577,0.4,0.4649122807017544,0.32285714285714284,0.008849557522123894,0.05907172995780591,0.1,0.16666666666666666,0.03550295857988166,0.013333333333333334,18.500657606313023,0.5227272727272727,0.03592120509849363,0.0247074122236671,0.06535947712418301,0.010752688172043012,0.040354330708661415,0.02198952879581152,0.015,0.029661016949152543,0.02702702702702703,0.013333333333333334,0.026578073089700997,0.027149321266968326,0.04985337243401759,0.06557377049180328,0.06451612903225806,0.015463917525773196,0.6,0.14285714285714285,0.58,0.6444444444444445,0.7241379310344828,0.05142857142857143,0.16666666666666666,0.2,0.3333333333333333,0.4828571428571429,0.3905325443786982,0.4049079754601227,0.7727272727272727,0.10857142857142857,0.34210526315789475,0.34210526315789475,1.0,0.21428571428571427,0.32,0.32432432432432434,0.9583333333333334,0.09375,1.0,0.3333333333333333,0.09375,0.3125,0.2,0.5,0.16666666666666666,0.4375,0.10416666666666667,0.1,0.3020833333333333,0.41379310344827586,0.4657142857142857,0.32,0.48485528571428566,0.48751249999999996,0.4903807291666668,0.03611111111111111,0.05263157894736842,0.07932011331444759,0.3031161473087819,14.162869198312238,24.808849557522123,0.3056394763343404,,,,,,,,,,,,,,,,True,,,,,,,,
136,1610612766,P.J. Brown,P.J. Brown,136,CHH,69493.0,1158,45,2170,2158,617.0,583.0,307.0,4328,63.0,102.0,25.0,44.0,13.0,20.0,25.0,63.0,44.0,100.0,,,,,,,,,,,,132.0,265.0,,,72.0,336.0,2234.0,36.0,66.0,,,19.0,91.0,31.0,65.0,,,30.0,92.0,194.0,70.0,,,38.0,,,18.0,,28.0,12.0,40.0,9.0,3.0,10.0,5.0,13.0,92.0,22.0,92.0,31.0,172.0,220.0,123.0,343.0,6.0,27.0,18.0,9.0,28.0,2.0,21.0,10.0,1.0,7.0,,38.0,2.0,15.0,54.0,99.0,,15.0,5.0,86.0,7.0,5.0,33.0,11.0,35.0,26.0,,9.0,35.0,19.0,92.0,617.0,9.0,0.7348484848484849,0.8584070796460177,,,,,,0.4981132075471698,0.5454545454545454,0.47692307692307695,0.4981132075471698,0.5454545454545454,0.47692307692307695,0.5480132450331126,0.6066666666666667,0.5625,,,0.06792452830188679,0.10784313725490197,0.1111111111111111,,,13.428120063191153,0.7368421052631579,0.19479048697621745,0.10490307867730901,0.1791907514450867,0.12941176470588237,0.19223484848484848,0.10888252148997135,0.09649122807017543,0.12318840579710146,0.09651474530831099,0.12949640287769784,0.2185430463576159,0.20346320346320346,0.16857142857142857,0.18518518518518517,0.15789473684210525,0.05217391304347826,0.5428571428571428,0.3849056603773585,0.6176470588235294,0.6923076923076923,0.6666666666666666,0.23773584905660378,0.3968253968253968,0.44642857142857145,0.64,0.37735849056603776,0.44,0.44,0.8863636363636364,,,,,,,,,0.6666666666666666,0.5681818181818182,0.32,,,,,0.3076923076923077,0.65,,,,,0.3849056603773585,,0.46658867924528297,0.5010322033898306,0.44058615384615385,0.1134020618556701,0.1134020618556701,0.2708333333333333,0.27380952380952384,8.678490566037734,,0.28433179723502305,9.0,17.0,2.0,2.0,3.0,0.2833333333333333,0.13043478260869565,0.12903225806451613,,,,,,,,True,,,,,,,,
1714,1610612766,Robert Traylor,Robert Traylor,1714,CHH,8885.0,148,31,280,284,75.0,111.0,26.0,564,15.0,27.0,4.0,12.0,4.0,8.0,3.0,12.0,2.0,4.0,,,,,,,,,,,,20.0,43.0,,,15.0,55.0,268.0,4.0,13.0,,,4.0,12.0,5.0,10.0,,,4.0,14.0,30.0,10.0,,,8.0,,,5.0,,7.0,1.0,8.0,,1.0,3.0,3.0,1.0,17.0,1.0,12.0,5.0,17.0,23.0,14.0,37.0,1.0,1.0,,1.0,2.0,1.0,1.0,5.0,1.0,1.0,1.0,7.0,,,15.0,26.0,,2.0,1.0,27.0,3.0,,14.0,1.0,7.0,7.0,,,7.0,5.0,14.0,75.0,4.0,0.75,0.9375,,,,,,0.46511627906976744,0.3076923076923077,0.5,0.46511627906976744,0.3076923076923077,0.5,0.5,0.4,0.5,,,0.11627906976744186,0.14814814814814814,0.08333333333333333,,,19.808306709265178,0.2857142857142857,0.136,0.12,0.16129032258064516,0.041666666666666664,0.14102564102564102,0.10483870967741936,0.17857142857142858,0.06896551724137931,0.11627906976744186,0.043478260869565216,0.15555555555555556,0.125,0.125,0.17391304347826086,0.125,0.05555555555555555,0.7142857142857143,0.627906976744186,0.5555555555555556,0.6521739130434783,0.6666666666666666,0.27906976744186046,0.25,0.2727272727272727,1.0,0.09302325581395349,0.5,0.5,1.0,,,,,,,,,0.9230769230769231,0.3333333333333333,,,,,,0.8,0.5,,,,,0.627906976744186,,0.5247651162790699,0.5489307692307693,0.6085600000000001,0.25925925925925924,0.25925925925925924,0.21818181818181817,0.2545454545454545,4.351162790697674,,0.26785714285714285,1.0,1.0,1.0,1.0,,0.1,0.07692307692307693,,,,,,,,,True,,,,,,,,
1884,1610612766,Baron Davis,Baron Davis,1884,CHH,83798.0,1397,31,2617,2609,756.0,724.0,368.0,5226,100.0,177.0,12.0,22.0,30.0,50.0,14.0,49.0,28.0,75.0,9.0,19.0,3.0,2.0,7.0,57.0,160.0,4.0,15.0,22.0,55.0,142.0,301.0,66.0,179.0,73.0,555.0,2725.0,14.0,35.0,6.0,18.0,7.0,53.0,45.0,82.0,24.0,62.0,31.0,193.0,70.0,214.0,120.0,78.0,22.0,158.0,57.0,20.0,1.0,214.0,40.0,254.0,30.0,10.0,103.0,30.0,81.0,548.0,2.0,37.0,18.0,81.0,99.0,41.0,140.0,10.0,82.0,47.0,35.0,59.0,12.0,48.0,35.0,3.0,11.0,2.0,94.0,7.0,25.0,55.0,111.0,,1.0,11.0,136.0,13.0,,58.0,16.0,8.0,7.0,,1.0,8.0,3.0,193.0,756.0,7.0,0.24647887323943662,0.26717557251908397,0.6060606060606061,0.3687150837988827,0.3333333333333333,0.3870967741935484,0.3728813559322034,0.4717607973421927,0.4,0.5487804878048781,0.5020833333333333,0.4339622641509434,0.5625,0.5129390018484289,0.45689655172413796,0.5710059171597633,0.3729166666666667,0.00558659217877095,0.0664451827242525,0.096045197740113,0.061224489795918366,,0.00625,20.76645922043891,0.6276595744680851,0.0764872521246459,0.03510436432637571,0.0821917808219178,0.008771929824561403,0.07746478873239436,0.030421216848673948,0.05802047781569966,0.04643962848297214,0.01141552511415525,0.010582010582010581,0.0443213296398892,0.08602150537634409,0.09785202863961814,0.0718562874251497,0.11538461538461539,0.04132231404958678,0.375,0.36875,0.5649717514124294,0.625,0.27,0.10208333333333333,0.2857142857142857,0.30434782608695654,0.2857142857142857,0.15625,0.37333333333333335,0.37333333333333335,0.14285714285714285,0.03958333333333333,0.47368421052631576,0.47368421052631576,0.7777777777777778,0.3333333333333333,0.35625,0.3584905660377358,0.5789473684210527,0.41509433962264153,0.5454545454545454,,0.05660377358490566,0.2830188679245283,0.26666666666666666,0.75,0.3472222222222222,0.6,0.04861111111111111,0.2857142857142857,0.3819444444444444,0.4,0.7416666666666667,0.36075949367088606,0.5208148846960167,0.500772619047619,0.5074604895104896,0.11047619047619048,0.1676300578034682,0.09549549549549549,0.34774774774774775,6.135548172757475,26.08715083798883,0.28888039740160487,2.0,,1.0,,1.0,,0.023529411764705882,,2.0,2.0,0.6666666666666666,1.0,,,,True,,,,,,,,
469,1610612766,Jamal Mashburn,Jamal Mashburn,469,CHH,95784.0,1596,47,2982,2977,875.0,853.0,408.0,5959,61.0,112.0,5.0,10.0,11.0,28.0,76.0,197.0,125.0,323.0,9.0,18.0,,,6.0,32.0,94.0,7.0,13.0,14.0,41.0,262.0,632.0,41.0,112.0,211.0,858.0,3070.0,23.0,66.0,7.0,13.0,18.0,85.0,79.0,195.0,14.0,47.0,102.0,302.0,208.0,316.0,117.0,6.0,8.0,94.0,32.0,37.0,5.0,139.0,32.0,171.0,23.0,9.0,63.0,27.0,49.0,374.0,6.0,25.0,37.0,162.0,211.0,31.0,242.0,8.0,45.0,35.0,10.0,83.0,7.0,52.0,27.0,2.0,31.0,1.0,110.0,10.0,34.0,49.0,80.0,,4.0,12.0,241.0,14.0,19.0,83.0,35.0,6.0,3.0,,3.0,6.0,6.0,302.0,875.0,7.0,0.3969465648854962,0.40310077519379844,0.9512195121951219,0.36607142857142855,0.5384615384615384,0.2978723404255319,0.36607142857142855,0.41455696202531644,0.3484848484848485,0.40512820512820513,0.43481182795698925,0.4240506329113924,0.4132231404958678,0.4964622641509434,0.4666666666666667,0.5051194539249146,0.15053763440860216,0.044642857142857144,0.058544303797468354,0.1875,0.04060913705583756,0.02476780185758514,0.05319148936170213,27.671865973425767,0.7545454545454545,0.1302250803858521,0.020955574182732608,0.14566929133858267,0.024291497975708502,0.1328437917222964,0.021527777777777778,0.021806853582554516,0.016304347826086956,0.023809523809523808,0.024271844660194174,0.10321100917431193,0.140625,0.14754098360655737,0.14646464646464646,0.14285714285714285,0.02072538860103627,1.0,0.15053763440860216,0.5446428571428571,0.6703296703296703,0.4918032786885246,0.2647849462365591,0.38578680203045684,0.4021164021164021,0.3026315789473684,0.43413978494623656,0.38699690402476783,0.3968253968253968,0.408,0.024193548387096774,0.5,0.5,1.0,0.12634408602150538,0.3404255319148936,0.3595505617977528,0.9375,0.12658227848101267,0.5,,,0.16455696202531644,0.5384615384615384,1.0,0.11570247933884298,0.39285714285714285,0.024793388429752067,,0.16942148760330578,0.34146341463414637,0.3010752688172043,0.3404255319148936,0.4338116734143049,0.41634275362318846,0.4111677824267783,0.10209102091020911,0.11840228245363767,0.09906759906759907,0.351981351981352,11.91598101265823,25.52678571428572,0.2934272300469484,,12.0,,2.0,1.0,0.1348314606741573,,0.024390243902439025,,,,,,,,True,,,,,,,,
248,1610612766,George Lynch,George Lynch,248,CHH,25842.0,431,-20,796,805,222.0,191.0,127.0,1601,19.0,38.0,9.0,14.0,6.0,8.0,4.0,12.0,5.0,25.0,,,,,,,1.0,,,,1.0,28.0,75.0,,1.0,17.0,73.0,805.0,10.0,24.0,,,9.0,29.0,9.0,16.0,,1.0,9.0,27.0,36.0,20.0,,,12.0,1.0,,9.0,,24.0,2.0,26.0,1.0,1.0,14.0,4.0,6.0,54.0,7.0,32.0,11.0,46.0,61.0,39.0,100.0,,24.0,18.0,6.0,7.0,5.0,4.0,9.0,1.0,3.0,2.0,16.0,1.0,2.0,25.0,39.0,,2.0,1.0,27.0,3.0,,12.0,3.0,4.0,4.0,,,4.0,2.0,27.0,222.0,4.0,0.6428571428571429,0.8181818181818182,,,,,,0.37333333333333335,0.4166666666666667,0.5625,0.3684210526315789,0.4166666666666667,0.5294117647058824,0.4147727272727273,0.46774193548387094,0.5625,0.013157894736842105,,0.12,0.15789473684210525,0.16666666666666666,0.04,,11.005291005291006,0.4375,0.13855421686746988,0.0862533692722372,0.1527777777777778,0.1320754716981132,0.14108910891089108,0.09198113207547169,0.07547169811320754,0.10909090909090909,0.07741935483870968,0.14893617021276595,0.11570247933884298,0.13953488372093023,0.16,0.11320754716981132,0.2631578947368421,,0.5,0.5,0.5,0.59375,0.5263157894736842,0.15789473684210525,0.3333333333333333,0.4,0.75,0.32894736842105265,0.2,0.20833333333333334,1.0,,,,,0.013157894736842105,,,,0.5833333333333334,0.6428571428571429,0.2222222222222222,,,,,0.47058823529411764,0.75,,,0.058823529411764705,,0.5131578947368421,,0.4961059210526316,0.5030095238095238,0.5023205882352941,0.1411764705882353,0.14285714285714285,0.3972602739726027,0.3698630136986301,7.277333333333333,24.2,0.27889447236180903,,4.0,1.0,,2.0,0.14285714285714285,,,,,,,,,,True,,,,,,,,
278,1610612766,Stacey Augmon,Stacey Augmon,278,CHH,19352.0,323,-3,603,601,216.0,179.0,85.0,1204,16.0,28.0,4.0,11.0,9.0,13.0,13.0,32.0,13.0,25.0,,,,,,,,,,,,42.0,85.0,,,12.0,96.0,637.0,6.0,13.0,,,1.0,13.0,16.0,32.0,,,3.0,35.0,58.0,26.0,,,6.0,,,5.0,,13.0,7.0,20.0,6.0,1.0,3.0,2.0,8.0,47.0,,14.0,5.0,23.0,28.0,14.0,42.0,3.0,15.0,7.0,8.0,9.0,,5.0,6.0,1.0,4.0,2.0,15.0,1.0,3.0,4.0,24.0,,1.0,2.0,21.0,3.0,,10.0,2.0,4.0,3.0,1.0,,4.0,2.0,35.0,216.0,7.0,0.6904761904761905,0.7435897435897436,,,,,,0.49411764705882355,0.46153846153846156,0.5,0.49411764705882355,0.46153846153846156,0.5,0.5106382978723404,0.5,0.5147058823529411,,,0.058823529411764705,0.03571428571428571,0.125,,,15.352112676056338,0.6,0.09055118110236221,0.058823529411764705,0.0847457627118644,,0.08945686900958466,0.05017921146953405,0.08064516129032258,0.07352941176470588,0.037037037037037035,,0.06542056074766354,0.05357142857142857,0.14285714285714285,0.10416666666666667,,0.08108108108108109,0.5,0.32941176470588235,0.5714285714285714,0.5925925925925926,0.5625,0.3764705882352941,0.40625,0.4642857142857143,0.5384615384615384,0.29411764705882354,0.52,0.52,1.0,,,,,,,,,0.8461538461538461,0.36363636363636365,,,,,,0.40625,0.6923076923076923,,,,,0.32941176470588235,,0.4489894117647059,0.5305076923076923,0.45791875000000004,0.10869565217391304,0.10869565217391304,0.13541666666666666,0.3645833333333333,8.011764705882353,,0.3582089552238806,,,,,,,,,,,,,,,,True,,,,,,,,
1724,1610612766,Bryce Drew,Bryce Drew,1724,CHH,4750.0,79,13,140,144,28.0,58.0,15.0,284,,,,,,,1.0,2.0,1.0,2.0,1.0,1.0,,,,2.0,9.0,,,,,2.0,4.0,3.0,10.0,2.0,15.0,140.0,,,,,,,,,,,,,,4.0,6.0,3.0,,9.0,2.0,,,7.0,3.0,10.0,2.0,1.0,2.0,3.0,2.0,23.0,,,1.0,5.0,6.0,,6.0,,3.0,3.0,,1.0,1.0,1.0,1.0,,,,2.0,,,4.0,7.0,,,,3.0,,1.0,1.0,,,,,,,,,28.0,2.0,,,0.6666666666666666,0.3,,,0.3,0.5,,,0.4642857142857143,,,0.4666666666666667,,,0.7142857142857143,,,,,,,10.897435897435898,0.5,0.07042253521126761,,0.07142857142857142,,0.07058823529411765,,,,,,0.08333333333333333,,0.10344827586206896,0.07692307692307693,,,,,,,,0.14285714285714285,0.5,0.5,,0.14285714285714285,0.5,0.5,,0.07142857142857142,1.0,1.0,1.0,0.6428571428571429,0.2222222222222222,0.2222222222222222,0.5,,,,,,,,,,,,,,0.7142857142857143,0.2222222222222222,0.49198214285714287,,,0.06666666666666667,0.2,,,14.274999999999999,25.620000000000005,0.2,,,,,,,,,,,,,,,,True,,,,,,,,
1924,1610612766,Lee Nailon,Lee Nailon,1924,CHH,17110.0,285,8,534,535,207.0,223.0,61.0,1069,16.0,31.0,3.0,5.0,5.0,9.0,14.0,36.0,18.0,37.0,,,,,,,,,,,,48.0,104.0,,,20.0,116.0,560.0,5.0,9.0,,,4.0,14.0,12.0,29.0,,,5.0,29.0,72.0,24.0,,,2.0,,,4.0,,6.0,2.0,8.0,2.0,,3.0,,3.0,18.0,2.0,9.0,5.0,23.0,29.0,11.0,40.0,3.0,10.0,8.0,2.0,3.0,1.0,3.0,5.0,1.0,,,8.0,,,7.0,27.0,,3.0,3.0,36.0,2.0,2.0,18.0,,5.0,2.0,2.0,1.0,5.0,3.0,29.0,207.0,3.0,0.75,0.7659574468085106,,,,,,0.46153846153846156,0.5555555555555556,0.41379310344827586,0.46153846153846156,0.5555555555555556,0.41379310344827586,0.475,0.5833333333333334,0.4142857142857143,,,0.038461538461538464,0.0967741935483871,0.027777777777777776,,,21.192052980132452,0.375,0.10599078341013825,0.046875,0.08771929824561403,0.047619047619047616,0.10218978102189781,0.04700854700854701,0.041666666666666664,0.028169014084507043,0.0684931506849315,0.05714285714285714,0.1038961038961039,0.14035087719298245,0.08433734939759036,0.07142857142857142,0.13333333333333333,0.058823529411764705,0.6,0.2980769230769231,0.5161290322580645,0.5714285714285714,0.8125,0.34615384615384615,0.3888888888888889,0.4,0.5,0.3557692307692308,0.4864864864864865,0.4864864864864865,0.8888888888888888,,,,,,,,,0.5555555555555556,0.6,,,,,,0.3103448275862069,0.5555555555555556,,,,,0.2980769230769231,,0.4512307692307692,0.4922111111111111,0.4455241379310344,0.15,0.15,0.1206896551724138,0.25,9.042307692307695,,0.38764044943820225,,1.0,,,1.0,0.07142857142857142,,,,,,,,,,True,,,,,,,,
2048,1610612766,Jamaal Magloire,Jamaal Magloire,2048,CHH,40424.0,674,12,1239,1247,443.0,391.0,172.0,2486,78.0,115.0,21.0,37.0,19.0,32.0,13.0,42.0,3.0,8.0,,,,,,,,,,,,94.0,165.0,,,96.0,284.0,1293.0,24.0,45.0,,,29.0,77.0,21.0,40.0,,,45.0,87.0,118.0,70.0,,,38.0,,,17.0,,7.0,1.0,8.0,1.0,,1.0,1.0,5.0,17.0,3.0,61.0,14.0,94.0,125.0,65.0,190.0,6.0,11.0,8.0,3.0,21.0,4.0,6.0,34.0,3.0,15.0,8.0,55.0,7.0,15.0,32.0,85.0,,14.0,13.0,133.0,9.0,,50.0,21.0,38.0,28.0,1.0,9.0,38.0,25.0,87.0,443.0,15.0,0.6276595744680851,0.7866666666666666,,,,,,0.5696969696969697,0.5333333333333333,0.525,0.5696969696969697,0.5333333333333333,0.525,0.6255506607929515,0.6111111111111112,0.6304347826086957,,,0.10303030303030303,0.11304347826086956,0.09523809523809523,,,19.542619542619544,0.38181818181818183,0.17836812144212524,0.12815126050420167,0.125,0.0297029702970297,0.16901408450704225,0.11091854419410745,0.15503875968992248,0.14285714285714285,0.1,0.011494252873563218,0.17553191489361702,0.1349206349206349,0.20657276995305165,0.13636363636363635,0.08333333333333333,0.1111111111111111,0.6578947368421053,0.696969696969697,0.6782608695652174,0.7647058823529411,0.6025641025641025,0.2545454545454545,0.30952380952380953,0.34210526315789475,0.6923076923076923,0.048484848484848485,0.375,0.375,1.0,,,,,,,,,0.8222222222222222,0.5675675675675675,0.09523809523809523,,,,,0.8,0.59375,,,,,0.696969696969697,,0.5125430303030302,0.527442857142857,0.5268875,0.24271844660194175,0.24271844660194175,0.2711267605633803,0.30633802816901406,2.9624242424242424,,0.35754640839386603,1.0,17.0,1.0,5.0,4.0,0.40476190476190477,0.017857142857142856,0.14285714285714285,,,,,,,,True,,,,,,,,
922,1610612766,Elden Campbell,Elden Campbell,922,CHH,47711.0,795,35,1484,1469,296.0,323.0,207.0,2953,60.0,98.0,14.0,25.0,11.0,15.0,50.0,123.0,22.0,66.0,,,,,,,,,,,,132.0,287.0,,,106.0,370.0,1522.0,19.0,36.0,,,10.0,48.0,18.0,41.0,,,29.0,65.0,158.0,106.0,,,24.0,,,18.0,,26.0,4.0,30.0,3.0,1.0,7.0,3.0,16.0,64.0,8.0,38.0,20.0,114.0,155.0,50.0,205.0,7.0,19.0,16.0,3.0,23.0,2.0,10.0,21.0,1.0,13.0,4.0,44.0,6.0,7.0,45.0,99.0,,11.0,12.0,133.0,9.0,,62.0,9.0,56.0,36.0,1.0,19.0,58.0,34.0,65.0,296.0,12.0,0.5984848484848485,0.6583333333333333,,,,,,0.45993031358885017,0.5277777777777778,0.43902439024390244,0.45993031358885017,0.5277777777777778,0.43902439024390244,0.5300859598853869,0.5714285714285714,0.5416666666666666,,,0.0627177700348432,0.11224489795918367,0.056910569105691054,,,22.7694090382387,0.5227272727272727,0.18627450980392157,0.06109324758842444,0.1724137931034483,0.06666666666666667,0.18406593406593408,0.06199460916442048,0.06470588235294118,0.041884816753926704,0.07279693486590039,0.08247422680412371,0.15311004784688995,0.2289156626506024,0.18565400843881857,0.16129032258064516,0.21739130434782608,0.051094890510948905,0.5862068965517241,0.34146341463414637,0.6122448979591837,0.6896551724137931,0.5833333333333334,0.42857142857142855,0.4065040650406504,0.43103448275862066,0.46,0.22996515679442509,0.3333333333333333,0.3333333333333333,0.9545454545454546,,,,,,,,,0.6944444444444444,0.56,0.07142857142857142,,,,,0.36585365853658536,0.7333333333333333,,,,,0.34146341463414637,,0.44895331010452955,0.51816875,0.4381707317073171,0.18235294117647058,0.18235294117647058,0.12972972972972974,0.17567567567567569,7.6982578397212515,,0.19946091644204852,4.0,21.0,1.0,,4.0,0.5384615384615384,0.09090909090909091,,,,,,2.0,1.0,1.0,True,,,,,,,,
672,1610612766,Matt Bullard,Matt Bullard,672,CHH,2375.0,40,10,73,73,31.0,39.0,3.0,146,,1.0,,1.0,,1.0,,1.0,,1.0,,,,,,2.0,6.0,,1.0,,4.0,,3.0,2.0,6.0,,6.0,73.0,,1.0,,1.0,,,,2.0,,4.0,,,,,6.0,,,6.0,2.0,,,2.0,1.0,3.0,1.0,,1.0,,1.0,7.0,,1.0,2.0,5.0,7.0,1.0,8.0,,1.0,1.0,,,,,1.0,,,,1.0,,1.0,4.0,7.0,,,1.0,,,,,,,,,,,,,31.0,1.0,,,1.0,0.3333333333333333,,,0.3333333333333333,,,,0.3333333333333333,,,0.3333333333333333,,,0.6666666666666666,,,,,,,12.987012987012987,,0.16666666666666666,0.05,0.25,,0.18421052631578946,0.034482758620689655,,,0.14285714285714285,,0.25,0.3333333333333333,0.0625,0.2857142857142857,,,,0.1111111111111111,,,,0.1111111111111111,,,,0.1111111111111111,,,,,,,,0.6666666666666666,0.3333333333333333,0.3333333333333333,1.0,0.5,,,,0.5,,,0.16666666666666666,,,,0.6666666666666666,,0.7777777777777778,0.3333333333333333,0.4724944444444445,0.435,0.46060000000000006,,,,,10.533333333333333,25.650000000000002,0.4246575342465753,,,,,,,,,,,,,,,,True,,,,,,,,
695,1610612766,Eldridge Recasner,Eldridge Recasner,695,CHH,112.0,2,-2,3,3,2.0,2.0,,6,,,,,,,,,,,,,,,,,,,,,,,,,,,,4.0,,,,,,,,,,,,,,,,,,,,,,,,,,,,,,,,,,,,,,,,,,,,,,,,,,,,,1.0,,,,,,,,,,,,,,,,2.0,,,,,,,,,,,,,,,,,,,,,,,,,,,,,,,,,,,,,,,,,,,,,,,,,,,,,,,,,,,,,,,,,,,,,,,,,,,,,,,,,,,,,,,,0.6666666666666666,,,,,,,,,,,,,,,,True,,,,,,,,
2213,1610612766,Kirk Haston,Kirk Haston,2213,CHH,115.0,2,3,3,2,,,1.0,5,,1.0,,1.0,,,,,,2.0,,,,,,,,,,,,,3.0,,,,,,,1.0,,,,,,,,,,,,,,,,,,1.0,,,,,,,,,,,,,,,,,,,,,,,,,,,,,,,,,,,,,,,,,,,,,,,,,,,,,,,,,,,,,,,,,,,,,0.3333333333333333,1.0,,,,60.0,,,,,,,,,,,,,,,,,,,0.3333333333333333,,,,,,,,0.6666666666666666,,,,,,,,,,,,1.0,,,,,,,,,,,,,0.3333333333333333,,0.4445333333333333,0.5668,,,,,,12.033333333333333,,,,,,,,,,,,,,,,,,True,,,,,,,,
133,1610612766,David Wesley,David Wesley,133,CHH,86254.0,1438,-102,2708,2713,707.0,790.0,382.0,5421,51.0,99.0,,5.0,7.0,19.0,8.0,26.0,122.0,292.0,12.0,30.0,4.0,3.0,9.0,36.0,113.0,6.0,19.0,11.0,29.0,181.0,417.0,48.0,143.0,92.0,598.0,2919.0,9.0,30.0,8.0,23.0,4.0,46.0,40.0,92.0,14.0,38.0,50.0,172.0,254.0,108.0,141.0,3.0,,113.0,36.0,34.0,2.0,125.0,25.0,150.0,24.0,1.0,55.0,26.0,44.0,325.0,6.0,17.0,9.0,49.0,58.0,23.0,81.0,4.0,48.0,30.0,18.0,49.0,9.0,29.0,26.0,4.0,20.0,,75.0,4.0,13.0,41.0,77.0,,3.0,10.0,121.0,6.0,12.0,36.0,20.0,10.0,4.0,3.0,3.0,10.0,5.0,172.0,707.0,11.0,0.7016574585635359,0.7016574585635359,0.9791666666666666,0.3356643356643357,0.34782608695652173,0.3684210526315789,0.3356643356643357,0.434052757793765,0.3,0.43478260869565216,0.4517857142857143,0.39622641509433965,0.46923076923076923,0.4828150572831424,0.4107142857142857,0.5314465408805031,0.25535714285714284,0.013986013986013986,0.0815347721822542,0.23232323232323232,0.15384615384615385,0.023972602739726026,0.008849557522123894,21.688270629149542,0.6533333333333333,0.0457516339869281,0.015398550724637682,0.036734693877551024,0.02510460251046025,0.044072948328267476,0.01712583767684289,0.03003003003003003,0.010033444816053512,0.00847457627118644,0.024875621890547265,0.035326086956521736,0.04745762711864407,0.05392156862745098,0.03825136612021858,0.03225806451612903,0.01384083044982699,0.5,0.1767857142857143,0.5151515151515151,0.6710526315789473,0.6078431372549019,0.04642857142857143,0.3076923076923077,0.36363636363636365,0.875,0.5214285714285715,0.4178082191780822,0.4280701754385965,0.7295081967213115,0.05357142857142857,0.4,0.41379310344827586,1.0,0.2017857142857143,0.3185840707964602,0.32142857142857145,0.9722222222222222,0.09433962264150944,,,0.07547169811320754,0.3584905660377358,0.3157894736842105,1.0,0.14615384615384616,0.3684210526315789,0.06923076923076923,0.3333333333333333,0.2230769230769231,0.3793103448275862,0.43214285714285716,0.3185840707964602,0.48159089285714296,0.4883547619047618,0.4582146153846154,0.06260575296108291,0.08053691275167785,0.07692307692307693,0.28762541806020064,13.99616306954436,25.191608391608394,0.26107828655834564,,,,,,,,0.02631578947368421,2.0,,0.5,1.0,,,,False,1.0,0.03333333333333333,0.006944444444444444,,,,,
136,1610612766,P.J. Brown,P.J. Brown,136,CHH,84313.0,1405,99,2614,2614,617.0,625.0,393.0,5228,64.0,128.0,21.0,61.0,9.0,19.0,16.0,45.0,38.0,89.0,,,,,,,,,,,,118.0,262.0,,,97.0,333.0,2701.0,30.0,79.0,,,23.0,83.0,19.0,44.0,,,42.0,80.0,174.0,62.0,,,40.0,,,17.0,,51.0,16.0,67.0,14.0,2.0,15.0,12.0,24.0,150.0,27.0,113.0,53.0,206.0,293.0,150.0,443.0,11.0,32.0,22.0,10.0,20.0,6.0,12.0,27.0,3.0,8.0,2.0,47.0,7.0,14.0,62.0,123.0,,15.0,12.0,111.0,10.0,7.0,43.0,14.0,43.0,36.0,1.0,6.0,43.0,22.0,80.0,617.0,16.0,0.7372881355932204,0.8877551020408163,,,,,,0.45038167938931295,0.379746835443038,0.4318181818181818,0.45038167938931295,0.379746835443038,0.4318181818181818,0.5307443365695793,0.4606741573033708,0.6,,,0.0648854961832061,0.1015625,0.08888888888888889,,,11.469072164948454,0.425531914893617,0.1978866474543708,0.1018935978358882,0.21115537848605578,0.13917525773195877,0.20046439628482973,0.10744435917114352,0.08868501529051988,0.11,0.10580912863070539,0.12574850299401197,0.1928374655647383,0.18213058419243985,0.2144702842377261,0.225130890052356,0.16666666666666666,0.08661417322834646,0.5116279069767442,0.48854961832061067,0.5,0.5565217391304348,0.625,0.1717557251908397,0.35555555555555557,0.3902439024390244,0.6875,0.33969465648854963,0.42696629213483145,0.42696629213483145,0.9473684210526315,,,,,,,,,0.7721518987341772,0.3442622950819672,0.047619047619047616,,,,,0.4318181818181818,0.47368421052631576,,,,,0.48854961832061067,,0.4843717557251908,0.5322749999999999,0.4642454545454544,0.14576271186440679,0.14576271186440679,0.24924924924924924,0.24024024024024024,7.578244274809159,,0.23603672532517214,10.0,34.0,3.0,3.0,2.0,0.4722222222222222,0.1111111111111111,0.2222222222222222,,,,,,,,False,,,,1.0,1.0,,,
1714,1610612766,Robert Traylor,Robert Traylor,1714,CHH,31767.0,529,-84,997,1006,322.0,369.0,143.0,2003,53.0,101.0,18.0,32.0,15.0,29.0,7.0,35.0,6.0,24.0,,,,,,1.0,1.0,,,1.0,1.0,66.0,160.0,1.0,1.0,38.0,173.0,1058.0,18.0,35.0,,,14.0,50.0,20.0,46.0,1.0,1.0,13.0,56.0,86.0,46.0,3.0,,28.0,1.0,1.0,26.0,,26.0,3.0,29.0,2.0,1.0,17.0,3.0,6.0,61.0,3.0,47.0,20.0,66.0,97.0,53.0,150.0,3.0,23.0,12.0,11.0,13.0,2.0,5.0,25.0,1.0,8.0,6.0,38.0,8.0,10.0,51.0,100.0,,6.0,13.0,57.0,3.0,,24.0,6.0,30.0,24.0,1.0,5.0,30.0,16.0,56.0,322.0,8.0,0.6515151515151515,0.8269230769230769,1.0,1.0,,1.0,1.0,0.4125,0.5142857142857142,0.43478260869565216,0.4192546583850932,0.5142857142857142,0.4574468085106383,0.4601063829787234,0.5813953488372093,0.4827586206896552,0.006211180124223602,,0.1625,0.1782178217821782,0.22857142857142856,,,19.432502149613068,0.34210526315789475,0.16666666666666666,0.11325301204819277,0.20618556701030927,0.045454545454545456,0.1744421906693712,0.10395010395010396,0.12837837837837837,0.10091743119266056,0.10759493670886076,0.0392156862745098,0.16279069767441862,0.15384615384615385,0.17791411042944785,0.2,0.2222222222222222,0.04411764705882353,0.5333333333333333,0.6273291925465838,0.5247524752475248,0.6385542168674698,0.6226415094339622,0.21739130434782608,0.2,0.25925925925925924,0.7142857142857143,0.14906832298136646,0.25,0.25,0.8333333333333334,,,,,0.006211180124223602,1.0,1.0,1.0,0.9142857142857143,0.5625,0.16666666666666666,,,,,0.6170212765957447,0.5172413793103449,,,0.02127659574468085,1.0,0.6335403726708074,1.0,0.506431055900621,0.547465625,0.5091021276595744,0.13186813186813187,0.13259668508287292,0.28901734104046245,0.3236994219653179,4.4925,25.8,0.3229689067201605,3.0,11.0,1.0,3.0,,0.3548387096774194,0.075,0.06666666666666667,,,,,,,,False,,,,,,,,
1884,1610612766,Baron Davis,Baron Davis,1884,CHH,115396.0,1923,119,3611,3594,931.0,942.0,530.0,7205,142.0,265.0,15.0,29.0,40.0,70.0,30.0,92.0,75.0,205.0,10.0,29.0,6.0,1.0,10.0,94.0,270.0,12.0,30.0,32.0,98.0,247.0,562.0,104.0,299.0,123.0,929.0,3717.0,21.0,54.0,15.0,36.0,6.0,93.0,62.0,144.0,33.0,108.0,45.0,268.0,108.0,386.0,222.0,90.0,22.0,261.0,93.0,40.0,2.0,402.0,42.0,444.0,29.0,13.0,190.0,47.0,165.0,930.0,6.0,41.0,39.0,117.0,157.0,52.0,209.0,19.0,90.0,42.0,48.0,94.0,16.0,62.0,58.0,14.0,32.0,7.0,152.0,13.0,40.0,55.0,130.0,1.0,7.0,15.0,202.0,27.0,1.0,86.0,23.0,37.0,18.0,4.0,15.0,39.0,30.0,268.0,931.0,15.0,0.21862348178137653,0.2288135593220339,0.7115384615384616,0.34782608695652173,0.4166666666666667,0.3055555555555556,0.3539518900343643,0.4395017793594306,0.3888888888888889,0.4305555555555556,0.46806039488966317,0.48333333333333334,0.44246031746031744,0.4904862579281184,0.48947368421052634,0.475177304964539,0.34727061556329847,0.006688963210702341,0.0711743772241993,0.10943396226415095,0.06521739130434782,0.024390243902439025,0.007407407407407408,25.84137444104495,0.618421052631579,0.0819327731092437,0.028314917127071824,0.11572700296735905,0.019230769230769232,0.08838526912181303,0.026704545454545453,0.04793028322440087,0.0213903743315508,0.01788617886178862,0.022304832713754646,0.05979381443298969,0.10133333333333333,0.0880281690140845,0.10276679841897234,0.15476190476190477,0.042600896860986545,0.7692307692307693,0.3077816492450639,0.5358490566037736,0.6016949152542372,0.2887323943661972,0.10685249709639953,0.32608695652173914,0.3488372093023256,0.06666666666666667,0.23809523809523808,0.36585365853658536,0.375,0.14666666666666667,0.03368176538908246,0.3448275862068966,0.3448275862068966,0.9,0.313588850174216,0.34814814814814815,0.35074626865671643,0.6914893617021277,0.32222222222222224,0.5172413793103449,0.06666666666666667,0.06666666666666667,0.3333333333333333,0.4,0.75,0.2777777777777778,0.5714285714285714,0.03968253968253968,0.1,0.3888888888888889,0.32653061224489793,0.6550522648083623,0.3563218390804598,0.4960275234741785,0.49838417721518985,0.4740928571428571,0.09750812567713976,0.13848631239935588,0.10010764262648009,0.2884822389666308,8.216014234875436,26.354515050167223,0.2578233176405428,5.0,1.0,3.0,1.0,1.0,0.009174311926605505,0.03937007874015748,,3.0,8.0,0.5,1.0,2.0,2.0,,False,4.0,,0.013245033112582781,,,1.0,1.0,
1924,1610612766,Lee Nailon,Lee Nailon,1924,CHH,97654.0,1628,-19,3071,3055,777.0,742.0,452.0,6126,126.0,190.0,21.0,44.0,38.0,53.0,86.0,204.0,108.0,264.0,1.0,1.0,1.0,,,,1.0,,,,,320.0,658.0,1.0,2.0,92.0,735.0,3200.0,45.0,98.0,1.0,1.0,20.0,113.0,83.0,158.0,,,34.0,200.0,448.0,192.0,3.0,,46.0,1.0,,39.0,,74.0,12.0,86.0,9.0,3.0,34.0,12.0,28.0,184.0,14.0,76.0,37.0,118.0,159.0,92.0,251.0,15.0,49.0,29.0,20.0,45.0,6.0,30.0,43.0,3.0,15.0,12.0,88.0,10.0,20.0,48.0,148.0,,17.0,13.0,114.0,13.0,6.0,51.0,9.0,12.0,7.0,1.0,4.0,12.0,6.0,200.0,777.0,15.0,0.7,0.7542087542087542,1.0,0.5,1.0,,0.5,0.48632218844984804,0.45918367346938777,0.5253164556962026,0.4871212121212121,0.4696969696969697,0.5253164556962026,0.5162659123055162,0.518348623853211,0.5628571428571428,0.0030303030303030303,,0.05927051671732523,0.1,0.08823529411764706,0.007575757575757576,,21.991701244813278,0.5113636363636364,0.1,0.05914396887159533,0.1267123287671233,0.0625,0.10529891304347826,0.05964214711729622,0.061068702290076333,0.06609195402298851,0.05330882352941176,0.06666666666666667,0.0924170616113744,0.10030395136778116,0.10722610722610723,0.13679245283018868,0.1,0.05016722408026756,0.5,0.2878787878787879,0.6631578947368421,0.7368421052631579,0.6984126984126984,0.3090909090909091,0.4215686274509804,0.46236559139784944,0.5813953488372093,0.4,0.4090909090909091,0.4122137404580153,0.7962962962962963,0.0015151515151515152,1.0,1.0,1.0,0.0015151515151515152,,,,0.4444444444444444,0.4772727272727273,0.09523809523809523,0.010101010101010102,,,,0.33544303797468356,0.7169811320754716,,,,,0.2909090909090909,,0.4470258333333331,0.4709954022988506,0.44474177215189864,0.07306590257879657,0.07327586206896551,0.15374149659863945,0.272108843537415,9.726139817629178,24.700000000000003,0.25301204819277107,2.0,4.0,1.0,,,0.046511627906976744,0.017857142857142856,0.034482758620689655,1.0,,1.0,1.0,,,,False,,,,,,,,
278,1610612766,Stacey Augmon,Stacey Augmon,278,CHH,59613.0,994,110,1841,1835,531.0,525.0,265.0,3676,37.0,70.0,8.0,19.0,9.0,13.0,15.0,55.0,47.0,116.0,,1.0,,,1.0,,2.0,,,,1.0,99.0,241.0,,3.0,65.0,263.0,1800.0,18.0,40.0,,,7.0,43.0,25.0,49.0,,2.0,31.0,81.0,148.0,50.0,,,14.0,1.0,,8.0,2.0,63.0,20.0,83.0,15.0,5.0,24.0,14.0,25.0,186.0,10.0,34.0,35.0,97.0,138.0,46.0,184.0,4.0,41.0,21.0,20.0,22.0,8.0,11.0,17.0,,11.0,2.0,39.0,4.0,8.0,40.0,91.0,,1.0,6.0,80.0,3.0,,32.0,10.0,8.0,4.0,2.0,2.0,8.0,6.0,81.0,531.0,7.0,0.7474747474747475,0.8043478260869565,,,,,,0.4107883817427386,0.45,0.5102040816326531,0.4057377049180328,0.45,0.49019607843137253,0.46466431095406363,0.48863636363636365,0.5869565217391305,0.012295081967213115,0.6666666666666666,0.03319502074688797,0.07142857142857142,0.01818181818181818,0.017241379310344827,0.5,14.826789838337183,0.5641025641025641,0.1283068783068783,0.04456094364351245,0.17857142857142858,0.07936507936507936,0.13865546218487396,0.049493813273340834,0.04435483870967742,0.03626943005181347,0.049689440993788817,0.08490566037735849,0.12406015037593984,0.11578947368421053,0.14,0.17105263157894737,0.20454545454545456,0.030303030303030304,0.75,0.28688524590163933,0.5285714285714286,0.5692307692307692,0.7297297297297297,0.22540983606557377,0.2727272727272727,0.2777777777777778,0.4,0.47540983606557374,0.4051724137931034,0.41228070175438597,0.8723404255319149,0.004098360655737705,,,,0.00819672131147541,,,,0.475,0.42105263157894735,0.375,,,,,0.2549019607843137,0.6923076923076923,0.0196078431372549,,0.0196078431372549,,0.29918032786885246,,0.44854156378600823,0.462539393939394,0.43772300000000003,0.11721611721611722,0.11851851851851852,0.1634980988593156,0.30798479087452474,10.620746887966806,32.833333333333336,0.2884302009777295,2.0,6.0,,,,0.1111111111111111,0.029850746268656716,0.05,,1.0,,,,,,False,,1.0,,,,,,
1724,1610612766,Bryce Drew,Bryce Drew,1724,CHH,41539.0,692,16,1288,1281,394.0,380.0,172.0,2569,12.0,29.0,,2.0,3.0,8.0,8.0,20.0,25.0,56.0,10.0,17.0,2.0,1.0,3.0,18.0,46.0,3.0,10.0,6.0,11.0,45.0,105.0,28.0,63.0,21.0,195.0,1304.0,2.0,8.0,4.0,12.0,1.0,17.0,8.0,24.0,7.0,14.0,6.0,43.0,50.0,40.0,72.0,12.0,2.0,46.0,18.0,5.0,,75.0,16.0,91.0,14.0,2.0,33.0,12.0,30.0,198.0,2.0,12.0,20.0,31.0,52.0,14.0,66.0,2.0,29.0,14.0,15.0,20.0,1.0,14.0,11.0,,6.0,5.0,31.0,3.0,6.0,16.0,42.0,,1.0,2.0,26.0,1.0,13.0,5.0,2.0,2.0,,,2.0,2.0,1.0,43.0,394.0,11.0,0.5555555555555556,0.5681818181818182,0.8571428571428571,0.4444444444444444,0.3333333333333333,0.5,0.4444444444444444,0.42857142857142855,0.25,0.3333333333333333,0.5178571428571429,0.4,0.4868421052631579,0.5316091954022989,0.4,0.5,0.375,,0.047619047619047616,0.06896551724137931,0.1,0.017857142857142856,,13.730743469524448,0.6451612903225806,0.06300813008130081,0.023391812865497075,0.13986013986013987,0.018518518518518517,0.08031496062992126,0.02254428341384863,0.024539877300613498,0.013986013986013986,0.028985507246376812,0.023255813953488372,0.029069767441860465,0.04580152671755725,0.10582010582010581,0.14953271028037382,0.1111111111111111,0.02247191011235955,0.5,0.17261904761904762,0.41379310344827586,0.4444444444444444,0.5833333333333334,0.11904761904761904,0.4,0.4444444444444444,0.25,0.3333333333333333,0.44642857142857145,0.45454545454545453,0.64,0.10119047619047619,0.5882352941176471,0.5882352941176471,0.9,0.27380952380952384,0.391304347826087,0.391304347826087,0.8333333333333334,0.1,,,0.1,0.5,0.3,0.6666666666666666,0.21052631578947367,0.375,0.07894736842105263,0.3333333333333333,0.2894736842105263,0.5454545454545454,0.5476190476190477,0.391304347826087,0.4765613095238096,0.46031666666666665,0.44358815789473693,0.029069767441860465,0.045871559633027525,0.08717948717948718,0.2205128205128205,11.446666666666667,24.98888888888888,0.3059006211180124,,1.0,,,,0.03225806451612903,,,1.0,,0.5,1.0,,,,False,,,,,,,,
2048,1610612766,Jamaal Magloire,Jamaal Magloire,2048,CHH,52704.0,878,102,1664,1640,619.0,650.0,245.0,3304,111.0,185.0,36.0,64.0,36.0,66.0,17.0,47.0,5.0,15.0,,,,,,,1.0,,,,1.0,133.0,247.0,,1.0,147.0,413.0,1618.0,36.0,65.0,,,36.0,108.0,49.0,89.0,,1.0,64.0,162.0,166.0,100.0,,,48.0,1.0,,30.0,,20.0,3.0,23.0,3.0,,8.0,4.0,8.0,49.0,11.0,73.0,30.0,134.0,183.0,87.0,270.0,13.0,16.0,15.0,1.0,27.0,3.0,13.0,36.0,2.0,14.0,8.0,63.0,9.0,27.0,61.0,116.0,,19.0,17.0,200.0,18.0,,89.0,20.0,48.0,35.0,1.0,12.0,48.0,35.0,162.0,619.0,6.0,0.6240601503759399,0.7614678899082569,,,,,,0.5384615384615384,0.5538461538461539,0.550561797752809,0.5362903225806451,0.5538461538461539,0.5444444444444444,0.6091445427728613,0.6206896551724138,0.6136363636363636,0.004032258064516129,,0.1214574898785425,0.12432432432432433,0.1276595744680851,0.06666666666666667,,20.625962031811188,0.42857142857142855,0.20333839150227617,0.11459968602825746,0.1724137931034483,0.07913669064748201,0.19687875150060025,0.10824742268041238,0.13861386138613863,0.0872093023255814,0.11406844106463879,0.08695652173913043,0.21120689655172414,0.20710059171597633,0.1937984496124031,0.17293233082706766,0.17073170731707318,0.15294117647058825,0.7291666666666666,0.7459677419354839,0.6,0.6851851851851852,0.6126126126126126,0.18951612903225806,0.3617021276595745,0.4146341463414634,0.5882352941176471,0.06048387096774194,0.3333333333333333,0.35714285714285715,1.0,,,,,0.004032258064516129,,,,0.9846153846153847,0.5625,0.3055555555555556,,,,,0.7333333333333333,0.5454545454545454,,,0.011111111111111112,,0.75,,0.5197624999999999,0.5585431034482757,0.521768888888889,0.27899686520376177,0.279874213836478,0.26150121065375304,0.3922518159806295,2.664372469635627,24.8,0.3719951923076923,3.0,19.0,6.0,4.0,4.0,0.40425531914893614,0.041666666666666664,0.041666666666666664,,,,,,,,False,,,,,,,,1.0
248,1610612766,George Lynch,George Lynch,248,CHH,27725.0,462,5,868,870,197.0,217.0,127.0,1738,24.0,50.0,7.0,14.0,5.0,9.0,12.0,21.0,8.0,46.0,,3.0,,,1.0,1.0,2.0,,1.0,1.0,1.0,44.0,117.0,1.0,5.0,8.0,99.0,849.0,12.0,25.0,,1.0,,24.0,10.0,25.0,1.0,2.0,3.0,26.0,64.0,24.0,3.0,,14.0,2.0,1.0,14.0,,24.0,4.0,28.0,4.0,,11.0,7.0,6.0,60.0,1.0,29.0,5.0,47.0,55.0,31.0,86.0,3.0,16.0,9.0,7.0,21.0,2.0,14.0,4.0,1.0,7.0,,25.0,4.0,3.0,19.0,36.0,,3.0,1.0,13.0,,,3.0,2.0,9.0,8.0,,1.0,10.0,6.0,26.0,197.0,4.0,0.7272727272727273,0.8648648648648649,1.0,0.2,,0.5,0.2,0.37606837606837606,0.48,0.4,0.3729508196721312,0.46153846153846156,0.42592592592592593,0.38671875,0.46153846153846156,0.43333333333333335,0.040983606557377046,,0.11965811965811966,0.22,0.047619047619047616,0.043478260869565216,,15.10365251727542,0.84,0.14826498422712933,0.07591623036649214,0.05263157894736842,0.017857142857142856,0.1262135922330097,0.0684931506849315,0.07758620689655173,0.04,0.0963855421686747,0.02,0.08771929824561403,0.15,0.2032520325203252,0.0684931506849315,,0.047619047619047616,0.6,0.4098360655737705,0.48,0.6153846153846154,0.75,0.1721311475409836,0.5714285714285714,0.6,0.5833333333333334,0.3770491803278688,0.17391304347826086,0.18181818181818182,0.875,0.02459016393442623,,,,0.01639344262295082,0.5,0.5,1.0,0.5384615384615384,0.5,0.14285714285714285,,0.038461538461538464,,,0.3333333333333333,0.5555555555555556,0.037037037037037035,,0.037037037037037035,1.0,0.45081967213114754,0.5,0.4877811475409836,0.4938620000000001,0.4736703703703704,0.031746031746031744,0.025,0.24242424242424243,0.26262626262626265,8.523931623931624,24.6,0.2269585253456221,1.0,3.0,,,3.0,0.10714285714285714,0.047619047619047616,,,,,,1.0,1.0,,False,1.0,,0.16666666666666666,,,,,
672,1610612766,Matt Bullard,Matt Bullard,672,CHH,18639.0,311,-42,585,578,192.0,214.0,83.0,1163,6.0,11.0,1.0,4.0,4.0,5.0,3.0,5.0,14.0,39.0,1.0,5.0,,,1.0,13.0,46.0,,3.0,3.0,14.0,23.0,55.0,14.0,51.0,11.0,99.0,616.0,4.0,9.0,,3.0,,8.0,8.0,20.0,3.0,15.0,7.0,32.0,32.0,14.0,42.0,,4.0,46.0,13.0,6.0,,10.0,3.0,13.0,2.0,1.0,2.0,2.0,6.0,29.0,3.0,4.0,6.0,23.0,30.0,9.0,39.0,4.0,1.0,1.0,,8.0,2.0,5.0,3.0,,3.0,1.0,11.0,,6.0,9.0,22.0,,2.0,,12.0,1.0,2.0,2.0,2.0,2.0,2.0,,,2.0,1.0,32.0,192.0,8.0,0.6956521739130435,0.7619047619047619,1.0,0.27450980392156865,,0.2,0.27450980392156865,0.41818181818181815,0.4444444444444444,0.4,0.41509433962264153,0.3333333333333333,0.35714285714285715,0.44545454545454544,0.3333333333333333,0.42105263157894735,0.4811320754716981,,0.10909090909090909,,,0.15384615384615385,,17.664233576642335,0.7272727272727273,0.09956709956709957,0.01694915254237288,0.1,0.03529411764705882,0.09965635738831616,0.021806853582554516,0.04,0.018518518518518517,,0.02857142857142857,0.056338028169014086,0.15254237288135594,0.09900990099009901,0.10204081632653061,0.09090909090909091,0.06451612903225806,0.5,0.10377358490566038,0.5454545454545454,0.5454545454545454,0.3333333333333333,0.04716981132075472,0.6,0.6,,0.36792452830188677,0.358974358974359,0.42424242424242425,1.0,0.04716981132075472,0.2,0.2,1.0,0.4339622641509434,0.2826086956521739,0.2826086956521739,1.0,0.3333333333333333,0.25,,,0.25,,,0.14285714285714285,0.8,0.02857142857142857,,0.4,0.21428571428571427,0.5849056603773585,0.2826086956521739,0.4589023584905661,0.4590409090909091,0.42840142857142854,0.027777777777777776,0.03571428571428571,0.08080808080808081,0.32323232323232326,14.343636363636364,25.61372549019608,0.3282051282051282,2.0,1.0,,,,0.043478260869565216,0.09523809523809523,0.06666666666666667,,,,,,,,False,1.0,,0.019230769230769232,,,,,
922,1610612766,Elden Campbell,Elden Campbell,922,CHH,81781.0,1363,-31,2515,2519,427.0,394.0,351.0,5034,99.0,161.0,23.0,41.0,12.0,21.0,102.0,223.0,51.0,121.0,,1.0,,,,,1.0,,,,,252.0,505.0,,2.0,200.0,704.0,2685.0,37.0,72.0,,,29.0,103.0,26.0,62.0,,,43.0,95.0,306.0,198.0,,,30.0,1.0,,36.0,,54.0,18.0,72.0,14.0,4.0,22.0,10.0,22.0,162.0,13.0,69.0,33.0,187.0,242.0,83.0,325.0,9.0,41.0,20.0,21.0,43.0,2.0,19.0,51.0,6.0,24.0,9.0,94.0,12.0,15.0,73.0,165.0,1.0,26.0,29.0,251.0,15.0,,121.0,12.0,77.0,49.0,1.0,27.0,79.0,46.0,95.0,427.0,14.0,0.6071428571428571,0.6455696202531646,,,,,,0.499009900990099,0.5138888888888888,0.41935483870967744,0.4970414201183432,0.5138888888888888,0.41935483870967744,0.5632,0.5786516853932584,0.5397727272727273,0.0039447731755424065,,0.07128712871287128,0.12422360248447205,0.06726457399103139,0.008264462809917356,,24.35636856368564,0.4574468085106383,0.18551587301587302,0.06448598130841121,0.14285714285714285,0.06735751295336788,0.17756255044390637,0.06492478226444973,0.08868501529051988,0.07092198581560284,0.04338394793926247,0.059880239520958084,0.16,0.23636363636363636,0.17232375979112272,0.13450292397660818,0.16666666666666666,0.041474654377880185,0.5822784810126582,0.3175542406311637,0.6149068322981367,0.7021276595744681,0.5555555555555556,0.43984220907297833,0.45739910313901344,0.49038461538461536,0.5,0.23865877712031558,0.4214876033057851,0.425,0.9215686274509803,0.0019723865877712033,,,,0.0019723865877712033,,,,0.5694444444444444,0.5609756097560976,0.17391304347826086,,,,,0.3387096774193548,0.5714285714285714,,,,,0.3214990138067061,,0.43969033530572,0.49342923076923084,0.4261290322580646,0.19738988580750408,0.19803600654664485,0.14630681818181818,0.13494318181818182,7.866534653465346,24.55,0.16978131212723657,1.0,22.0,,,15.0,0.30985915492957744,0.012658227848101266,0.11538461538461539,,,,,2.0,2.0,,False,,,,1.0,1.0,,,
2040,1610612766,Jerome Moiso,Jerome Moiso,2040,CHH,4475.0,75,4,144,145,57.0,62.0,16.0,289,4.0,6.0,,1.0,4.0,4.0,,4.0,4.0,10.0,,,,,,,,,,,,8.0,20.0,,,,16.0,133.0,,3.0,,,,,7.0,10.0,,,,14.0,12.0,4.0,,,,,,3.0,,4.0,,4.0,,,,3.0,1.0,8.0,,4.0,4.0,14.0,21.0,4.0,25.0,,3.0,3.0,,3.0,,2.0,5.0,1.0,1.0,1.0,8.0,1.0,2.0,4.0,12.0,,1.0,3.0,,,,,,2.0,2.0,,,2.0,,14.0,57.0,3.0,0.75,0.75,,,,,,0.4,,0.7,0.4,,0.7,0.4,,0.7,,,0.15,0.16666666666666666,0.5,,,16.666666666666668,0.375,0.24561403508771928,0.06779661016949153,0.26666666666666666,,0.25,0.05714285714285714,0.07142857142857142,0.13333333333333333,0.03333333333333333,,0.2727272727272727,0.2222222222222222,0.23076923076923078,0.3333333333333333,,,,0.3,0.6666666666666666,0.8,0.75,0.2,,,,0.5,0.4,0.4,0.75,,,,,,,,,0.3333333333333333,,,,,,,0.4,1.0,,,,,0.3,,0.437825,0.5795,0.45637000000000005,,,,0.875,9.829999999999998,,0.3958333333333333,,3.0,,,,0.75,,,,,,,,,,False,,,,,,,,
2213,1610612766,Kirk Haston,Kirk Haston,2213,CHH,4520.0,75,-17,164,160,99.0,110.0,16.0,324,1.0,5.0,,2.0,1.0,4.0,3.0,13.0,7.0,15.0,,1.0,,,1.0,,2.0,,,,,11.0,33.0,,3.0,4.0,26.0,155.0,,4.0,,,,,8.0,20.0,,1.0,1.0,17.0,18.0,4.0,,,,2.0,,3.0,,5.0,,5.0,,,3.0,1.0,1.0,10.0,1.0,4.0,1.0,13.0,15.0,5.0,20.0,1.0,,,,1.0,,,2.0,1.0,1.0,1.0,3.0,1.0,,7.0,9.0,,1.0,,8.0,,,3.0,1.0,1.0,1.0,,,1.0,1.0,17.0,99.0,,0.8181818181818182,0.8181818181818182,,,,,,0.3333333333333333,,0.4,0.3055555555555556,,0.38095238095238093,0.325,,0.3695652173913043,0.08333333333333333,,0.09090909090909091,0.2,0.15384615384615385,,,23.118279569892472,0.3333333333333333,0.22033898305084745,0.0625,0.041666666666666664,0.08333333333333333,0.1686746987951807,0.06578947368421052,0.1,0.047619047619047616,0.043478260869565216,,0.14285714285714285,0.2777777777777778,0.25,0.05263157894736842,,0.045454545454545456,1.0,0.1388888888888889,0.2,0.25,1.0,0.3611111111111111,0.23076923076923078,0.2727272727272727,0.6666666666666666,0.4166666666666667,0.4666666666666667,0.4666666666666667,0.8571428571428571,0.027777777777777776,,,,0.05555555555555555,,,,0.5,,,,,,,0.19047619047619047,0.25,0.047619047619047616,,,,0.2222222222222222,,0.4131125,0.46399999999999997,0.42535238095238104,0.07692307692307693,0.08333333333333333,,0.6538461538461539,11.94848484848485,25.7,0.6036585365853658,,1.0,,,,1.0,,0.3333333333333333,,,,,,,,False,,,,,,,,
