EntityId,TeamId,Name,ShortName,RowId,TeamAbbreviation,SecondsPlayed,Minutes,PlusMinus,OffPoss,DefPoss,PenaltyOffPoss,PenaltyDefPoss,SecondChanceOffPoss,TotalPoss,AtRimFGM,AtRimFGA,SecondChanceAtRimFGM,SecondChanceAtRimFGA,PenaltyAtRimFGM,PenaltyAtRimFGA,ShortMidRangeFGM,ShortMidRangeFGA,Corner3FGA,SecondChanceCorner3FGA,Arc3FGM,Arc3FGA,FG2M,FG2A,FG3M,FG3A,FtPoints,Points,OpponentPoints,SecondChanceFG2M,SecondChanceFG2A,SecondChanceFG3A,SecondChanceFtPoints,SecondChancePoints,PenaltyFG2M,PenaltyFG2A,PenaltyFtPoints,PenaltyPoints,PtsAssisted2s,PtsUnassisted2s,PtsAssisted3s,PtsUnassisted3s,PtsPutbacks,NonHeaveArc3FGA,NonHeaveArc3FGM,Fg2aBlocked,TwoPtAssists,ThreePtAssists,Assists,Arc3Assists,Corner3Assists,AtRimAssists,ShortMidRangeAssists,LongMidRangeAssists,AssistPoints,OffThreePtRebounds,OffTwoPtRebounds,DefThreePtRebounds,DefTwoPtRebounds,FTDefRebounds,DefRebounds,OffRebounds,Rebounds,Steals,BadPassSteals,LostBallSteals,LiveBallTurnovers,BadPassOutOfBoundsTurnovers,BadPassTurnovers,DeadBallTurnovers,LostBallOutOfBoundsTurnovers,LostBallTurnovers,Turnovers,SecondChanceTurnovers,PenaltyTurnovers,ShootingFouls,Fouls,Offensive Fouls,FoulsDrawn,Charge Fouls Drawn,Offensive Fouls Drawn,BlockingFoulsDrawn,FTA,2pt And 1 Free Throw Trips,TwoPtShootingFoulsDrawn,Blocked2s,BlockedShortMidRange,Blocks,RecoveredBlocks,PenaltyPointsExcludingTakeFouls,PenaltyOffPossExcludingTakeFouls,Assisted2sPct,NonPutbacksAssisted2sPct,Assisted3sPct,Fg3Pct,NonHeaveFg3Pct,Fg2Pct,SecondChanceFg2Pct,PenaltyFg2Pct,EfgPct,SecondChanceEfgPct,PenaltyEfgPct,TsPct,SecondChanceTsPct,PenaltyTsPct,FG3APct,FG2APctBlocked,AtRimPctBlocked,ShortMidRangePctBlocked,Usage,LiveBallTurnoverPct,DefFTReboundPct,DefTwoPtReboundPct,OffTwoPtReboundPct,DefThreePtReboundPct,OffThreePtReboundPct,DefFGReboundPct,OffFGReboundPct,OffAtRimReboundPct,OffArc3ReboundPct,DefAtRimReboundPct,DefLongMidRangeReboundPct,DefArc3ReboundPct,BlocksRecoveredPct,AtRimFrequency,AtRimAccuracy,UnblockedAtRimAccuracy,AtRimPctAssisted,ShortMidRangeFrequency,ShortMidRangeAccuracy,UnblockedShortMidRangeAccuracy,Corner3Frequency,Arc3Frequency,Arc3Accuracy,UnblockedArc3Accuracy,Arc3PctAssisted,SecondChanceAtRimFrequency,SecondChanceAtRimAccuracy,SecondChanceCorner3Frequency,PenaltyAtRimFrequency,PenaltyAtRimAccuracy,AtRimFG3AFrequency,NonHeaveArc3Accuracy,ShotQualityAvg,SecondChanceShotQualityAvg,PenaltyShotQualityAvg,ShootingFoulsDrawnPct,TwoPtShootingFoulsDrawnPct,SecondChancePointsPct,PenaltyPointsPct,Avg2ptShotDistance,Avg3ptShotDistance,PenaltyOffPossPct,LongMidRangeFGM,LongMidRangeFGA,PenaltyArc3FGM,PenaltyArc3FGA,PenaltyFG3M,PenaltyFG3A,SelfOReb,Travels,Loose Ball Fouls,Loose Ball Fouls Drawn,NonShootingFoulsDrawn,BlockedAtRim,NonShootingPenaltyNonTakeFouls,NonShootingPenaltyNonTakeFoulsDrawn,PenaltyFg3Pct,OffShortMidRangeReboundPct,OffLongMidRangeReboundPct,DefShortMidRangeReboundPct,DefCorner3ReboundPct,SelfORebPct,ShortMidRangePctAssisted,LongMidRangeFrequency,LongMidRangeAccuracy,UnblockedLongMidRangeAccuracy,LongMidRangePctAssisted,SecondChanceAtRimPctAssisted,PenaltyArc3Frequency,PenaltyArc3Accuracy,Corner3FGM,PenaltyCorner3FGA,SecondChanceArc3FGM,SecondChanceArc3FGA,SecondChanceFG3M,HeaveAttempts,BlockingFouls,SecondChanceFg3Pct,LongMidRangePctBlocked,Corner3Accuracy,UnblockedCorner3Accuracy,Corner3PctAssisted,SecondChanceArc3Frequency,SecondChanceArc3Accuracy,SecondChanceArc3PctAssisted,PenaltyCorner3Frequency,SecondChanceCorner3FGM,StepOutOfBoundsTurnovers,Technical Free Throw Trips,Blocked3s,BlockedCorner3,BlockedLongMidRange,OffCorner3ReboundPct,SecondChanceCorner3Accuracy,SecondChanceCorner3PctAssisted,Fg3aBlocked,FTOffRebounds,BlockedArc3,DefensiveGoaltends,3SecondViolations,Defensive 3 Seconds Violations,FG3APctBlocked,Arc3PctBlocked,OffFTReboundPct,PenaltyCorner3FGM,ThreePtShootingFoulsDrawn,PenaltyCorner3Accuracy,ThreePtShootingFoulsDrawnPct,Charge Fouls,3pt And 1 Free Throw Trips,on,OffensiveGoaltends,Clear Path Fouls,Corner3PctBlocked
1626184,1610612752,Chasson Randle,Chasson Randle,1626184,NYK,7348.0,122,-13,237,232,24,43,29,469,7.0,15,1.0,1.0,1.0,1.0,2.0,6.0,3.0,2.0,6.0,17.0,9,21,6.0,20.0,14.0,50,256,1,1,2.0,5.0,7,1.0,1.0,2.0,4.0,4.0,14,12.0,6.0,2.0,17.0,6.0,4,11.0,4.0,15.0,3.0,1.0,2.0,3.0,6.0,34.0,1.0,2.0,4.0,10,1.0,15,3,18,4.0,3.0,1.0,6.0,1.0,4.0,6.0,2.0,2.0,12.0,2.0,1.0,4,13,3.0,15,1.0,1.0,1.0,15.0,1.0,8.0,1.0,1.0,1.0,1.0,4.0,24,0.2222222222222222,0.25,0.6666666666666666,0.3,0.3,0.42857142857142855,1.0,1.0,0.43902439024390244,0.3333333333333333,1.0,0.5208333333333334,0.7,1.0,0.4878048780487805,0.19047619047619047,0.2,0.16666666666666666,21.8978102189781,0.5,0.16666666666666666,0.15151515151515152,0.024096385542168676,0.08333333333333333,0.022727272727272728,0.12280701754385964,0.023622047244094488,0.06451612903225806,0.029411764705882353,0.21428571428571427,0.23529411764705882,0.1111111111111111,1.0,0.36585365853658536,0.4666666666666667,0.5833333333333334,0.2857142857142857,0.14634146341463414,0.3333333333333333,0.4,0.07317073170731707,0.4146341463414634,0.35294117647058826,0.35294117647058826,0.6666666666666666,0.3333333333333333,1.0,0.6666666666666666,1.0,1.0,0.8536585365853658,0.35294117647058826,0.5088012500000001,0.6109166666666667,0.6218,0.16666666666666666,0.2857142857142857,0.14,0.08,3.1904761904761907,26.079999999999995,0.10126582278481013,,,,,,,,,,,,,,,,,,,,,,,,,,,,,,,,,,,,,,,,,,,,,,,,,,,,,,,,,,,,,,,,,,,,,True,,,
1626195,1610612752,Willy Hernangomez,Willy Hernangomez,1626195,NYK,9593.0,160,-23,319,323,87,104,48,642,18.0,32,6.0,13.0,3.0,8.0,3.0,10.0,1.0,,3.0,4.0,23,48,3.0,5.0,17.0,72,362,7,15,,8.0,22,5.0,14.0,11.0,27.0,34.0,12,9.0,,6.0,4.0,3.0,3,3.0,3.0,6.0,2.0,1.0,1.0,1.0,1.0,15.0,9.0,15.0,11.0,15,3.0,29,24,53,2.0,1.0,1.0,9.0,,6.0,2.0,,3.0,11.0,2.0,2.0,7,15,,12,,,,18.0,2.0,7.0,3.0,,3.0,2.0,27.0,87,0.7391304347826086,0.85,1.0,0.6,0.6,0.4791666666666667,0.4666666666666667,0.35714285714285715,0.5188679245283019,0.4666666666666667,0.5,0.5901639344262295,0.5789473684210527,0.6136363636363636,0.09433962264150944,0.0625,0.0625,0.1,18.79895561357702,0.8181818181818182,0.42857142857142855,0.14285714285714285,0.1282051282051282,0.1864406779661017,0.17307692307692307,0.15853658536585366,0.14201183431952663,0.07142857142857142,0.19148936170212766,0.06818181818181818,0.2,0.17777777777777778,0.6666666666666666,0.6037735849056604,0.5625,0.6,0.7222222222222222,0.18867924528301888,0.3,0.3333333333333333,0.018867924528301886,0.07547169811320754,0.75,0.75,1.0,0.8666666666666667,0.46153846153846156,,0.5,0.375,0.6981132075471698,0.75,0.5228047169811321,0.527576923076923,0.495828125,0.1206896551724138,0.1320754716981132,0.3055555555555556,0.375,4.7124999999999995,24.839999999999996,0.2727272727272727,2.0,6.0,2.0,2.0,2.0,2.0,1.0,1.0,4.0,1.0,3.0,3.0,4.0,3.0,1.0,0.2222222222222222,0.125,0.1935483870967742,0.21428571428571427,0.043478260869565216,0.6666666666666666,0.11320754716981132,0.3333333333333333,0.3333333333333333,1.0,0.16666666666666666,0.125,1.0,,,,,,,,,,,,,,,,,,,,,,,,,,,,,,,,,,,,,,,,,True,,,
1627758,1610612752,Ron Baker,Ron Baker,1627758,NYK,17971.0,300,-31,569,578,170,141,68,1147,11.0,28,,,6.0,11.0,2.0,7.0,13.0,1.0,7.0,25.0,18,45,8.0,38.0,12.0,72,628,1,2,4.0,,8,7.0,14.0,3.0,23.0,22.0,14,24.0,,,23.0,7.0,7,25.0,10.0,35.0,7.0,3.0,14.0,6.0,5.0,80.0,1.0,,11.0,18,,29,1,30,14.0,11.0,3.0,14.0,2.0,11.0,3.0,,3.0,17.0,2.0,8.0,10,23,,21,1.0,3.0,3.0,18.0,,6.0,1.0,,1.0,,21.0,167,0.6111111111111112,0.6111111111111112,1.0,0.21052631578947367,0.2222222222222222,0.4,0.5,0.5,0.3614457831325301,0.6666666666666666,0.4,0.391304347826087,0.6666666666666666,0.4107142857142857,0.4578313253012048,0.15555555555555556,0.17857142857142858,0.14285714285714285,16.666666666666668,0.8235294117647058,,0.09836065573770492,,0.10476190476190476,0.00909090909090909,0.10069444444444445,0.003401360544217687,,0.011904761904761904,0.09876543209876543,0.12962962962962962,0.10606060606060606,,0.3373493975903614,0.39285714285714285,0.4782608695652174,0.5454545454545454,0.08433734939759036,0.2857142857142857,0.3333333333333333,0.1566265060240964,0.30120481927710846,0.28,0.28,1.0,,,0.16666666666666666,0.44,0.5454545454545454,0.7951807228915663,0.30434782608695654,0.5246845679012347,0.562275,0.5373565217391303,0.06741573033707865,0.11764705882352941,0.1111111111111111,0.3194444444444444,6.891111111111112,26.82894736842105,0.29876977152899825,5.0,10.0,2.0,10.0,2.0,11.0,,1.0,,,3.0,1.0,4.0,1.0,0.18181818181818182,,,0.0625,0.10256410256410256,,1.0,0.12048192771084337,0.5,0.5555555555555556,0.6,,0.4,0.2,1.0,1.0,2.0,3.0,2.0,2.0,2.0,0.5,0.1,0.07692307692307693,0.07692307692307693,1.0,0.5,0.6666666666666666,1.0,0.04,,,,,,,,,,,,,,,,,,,,,,,,,True,,,
201584,1610612752,Courtney Lee,Courtney Lee,201584,NYK,35175.0,586,-119,1160,1142,304,394,148,2302,24.0,39,4.0,6.0,4.0,10.0,10.0,31.0,23.0,5.0,11.0,37.0,63,123,16.0,60.0,23.0,197,1347,6,13,13.0,2.0,38,11.0,29.0,9.0,43.0,70.0,56,42.0,6.0,4.0,37.0,11.0,6,30.0,18.0,48.0,9.0,9.0,13.0,8.0,9.0,114.0,7.0,5.0,25.0,23,3.0,51,12,63,18.0,11.0,7.0,10.0,5.0,7.0,10.0,2.0,3.0,20.0,1.0,5.0,12,29,,19,,,1.0,25.0,1.0,8.0,6.0,1.0,7.0,3.0,41.0,301,0.5555555555555556,0.5737704918032787,0.875,0.26666666666666666,0.26666666666666666,0.5121951219512195,0.46153846153846156,0.3793103448275862,0.47540983606557374,0.6923076923076923,0.3695652173913043,0.5025773195876289,0.7037037037037037,0.4215686274509804,0.32786885245901637,0.04878048780487805,0.1282051282051282,,16.041979010494753,0.5,0.08108108108108109,0.06552706552706553,0.012195121951219513,0.12562814070351758,0.040229885057471264,0.08727272727272728,0.02054794520547945,0.013986013986013986,0.045112781954887216,0.047058823529411764,0.13186813186813187,0.11888111888111888,0.42857142857142855,0.21311475409836064,0.6153846153846154,0.7058823529411765,0.4583333333333333,0.16939890710382513,0.3225806451612903,0.3225806451612903,0.12568306010928962,0.20218579234972678,0.2972972972972973,0.2972972972972973,0.8181818181818182,0.23076923076923078,0.6666666666666666,0.19230769230769232,0.21739130434782608,0.4,0.5409836065573771,0.2972972972972973,0.48966612021857936,0.5414184210526315,0.4656804347826087,0.042105263157894736,0.06153846153846154,0.19289340101522842,0.2182741116751269,10.426829268292684,24.464999999999993,0.2620689655172414,29.0,53.0,4.0,9.0,4.0,17.0,2.0,2.0,1.0,,4.0,4.0,5.0,3.0,0.23529411764705882,,0.020689655172413793,0.03333333333333333,0.14285714285714285,0.02127659574468085,0.7,0.2896174863387978,0.5471698113207547,0.5576923076923077,0.5862068965517241,,0.1956521739130435,0.4444444444444444,5.0,8.0,6.0,8.0,8.0,,1.0,0.6153846153846154,0.018867924528301886,0.21739130434782608,0.21739130434782608,1.0,0.3076923076923077,0.75,0.8333333333333334,0.17391304347826086,2.0,1.0,2.0,1.0,1.0,1.0,0.024390243902439025,0.4,1.0,,,,,,,,,,,,,,,,True,,,
203124,1610612752,Kyle O'Quinn,Kyle O'Quinn,203124,NYK,73753.0,1229,-161,2416,2414,555,699,321,4830,135.0,205,52.0,81.0,26.0,41.0,24.0,60.0,2.0,1.0,1.0,15.0,213,396,2.0,17.0,64.0,496,2723,55,93,2.0,21.0,131,38.0,77.0,29.0,105.0,282.0,144,6.0,,80.0,13.0,1.0,26,92.0,25.0,117.0,21.0,4.0,62.0,13.0,17.0,259.0,33.0,119.0,86.0,171,25.0,282,157,439,36.0,23.0,13.0,36.0,7.0,24.0,40.0,3.0,12.0,76.0,8.0,14.0,108,174,15.0,98,,5.0,,83.0,14.0,38.0,100.0,31.0,104.0,60.0,105.0,548,0.6619718309859155,0.815028901734104,1.0,0.11764705882352941,0.13333333333333333,0.5378787878787878,0.5913978494623656,0.4935064935064935,0.5230024213075061,0.5789473684210527,0.4523809523809524,0.5535714285714286,0.6179245283018868,0.5198019801980198,0.04116222760290557,0.06565656565656566,0.1024390243902439,0.08333333333333333,18.6187255250979,0.47368421052631576,0.35714285714285715,0.22529644268774704,0.14149821640903687,0.2,0.08354430379746836,0.216148023549201,0.12297734627831715,0.16554054054054054,0.07766990291262135,0.182370820668693,0.22169811320754718,0.2012779552715655,0.5769230769230769,0.4963680387409201,0.6585365853658537,0.7336956521739131,0.5777777777777777,0.14527845036319612,0.4,0.43636363636363634,0.004842615012106538,0.03631961259079903,0.06666666666666667,0.07142857142857142,1.0,0.8526315789473684,0.6419753086419753,0.010526315789473684,0.4880952380952381,0.6341463414634146,0.5375302663438256,0.07692307692307693,0.5151431707317073,0.5500767857142856,0.5056756097560976,0.08695652173913043,0.09047619047619047,0.26411290322580644,0.21169354838709678,8.013636363636362,31.831250000000004,0.2297185430463576,54.0,131.0,,6.0,,7.0,22.0,9.0,20.0,26.0,11.0,65.0,18.0,8.0,,0.17647058823529413,0.09120521172638436,0.29357798165137616,0.19658119658119658,0.1301775147928994,0.7916666666666666,0.3171912832929782,0.4122137404580153,0.4122137404580153,0.8148148148148148,0.09615384615384616,0.07142857142857142,,1.0,1.0,,1.0,,2.0,6.0,,,0.5,0.5,1.0,0.010526315789473684,,,0.011904761904761904,,1.0,,4.0,1.0,4.0,0.10465116279069768,,,1.0,5.0,3.0,1.0,3.0,7.0,0.058823529411764705,0.06666666666666667,0.11363636363636363,,,,,,,True,,,
1626254,1610612752,Maurice Ndour,Maurice Ndour,1626254,NYK,6584.0,110,-55,212,215,56,43,30,427,7.0,16,1.0,5.0,2.0,5.0,1.0,3.0,,,,2.0,9,27,,2.0,2.0,20,241,1,6,,1.0,3,2.0,9.0,1.0,5.0,12.0,6,,,2.0,2.0,,7,3.0,,3.0,,,2.0,1.0,,6.0,2.0,7.0,5.0,7,,12,9,21,4.0,3.0,1.0,3.0,1.0,3.0,2.0,,,5.0,,1.0,5,11,,5,,,,5.0,,2.0,2.0,,2.0,,4.0,54,0.6666666666666666,0.75,,,,0.3333333333333333,0.16666666666666666,0.2222222222222222,0.3103448275862069,0.16666666666666666,0.2222222222222222,0.3125,0.21428571428571427,0.25,0.06896551724137931,0.25925925925925924,0.375,,14.919354838709678,0.6,,0.10294117647058823,0.08333333333333333,0.13513513513513514,0.05263157894736842,0.11428571428571428,0.07377049180327869,0.125,0.06666666666666667,0.06896551724137931,0.15,0.14285714285714285,,0.5517241379310345,0.4375,0.7,0.7142857142857143,0.10344827586206896,0.3333333333333333,0.3333333333333333,,0.06896551724137931,,,,0.8333333333333334,0.2,,0.5555555555555556,0.4,0.6206896551724138,,0.5538775862068965,0.5791499999999999,0.5344,0.06451612903225806,0.06896551724137931,0.15,0.25,6.929629629629629,24.9,0.2641509433962264,1.0,8.0,,,,,2.0,1.0,1.0,1.0,1.0,2.0,,,,0.05263157894736842,0.04,0.10526315789473684,0.125,0.16666666666666666,1.0,0.27586206896551724,0.125,0.14285714285714285,,,,,,,,,,,,,0.125,,,,,,,,,,,,,,,,,,,,,,1.0,,,,,,,,,,True,,,
203200,1610612752,Justin Holiday,Justin Holiday,203200,NYK,41045.0,684,-48,1335,1348,273,354,173,2683,32.0,48,3.0,4.0,10.0,15.0,8.0,20.0,38.0,3.0,14.0,70.0,58,120,32.0,108.0,20.0,232,1425,5,7,15.0,1.0,26,15.0,30.0,10.0,67.0,94.0,22,96.0,,2.0,69.0,14.0,6,38.0,15.0,53.0,7.0,8.0,22.0,5.0,11.0,121.0,2.0,5.0,38.0,43,2.0,83,7,90,19.0,19.0,,13.0,7.0,8.0,14.0,3.0,5.0,27.0,3.0,6.0,15,39,1.0,27,,3.0,,24.0,2.0,8.0,16.0,2.0,16.0,8.0,65.0,270,0.8103448275862069,0.8245614035087719,1.0,0.2962962962962963,0.29906542056074764,0.48333333333333334,0.7142857142857143,0.5,0.4649122807017544,0.5681818181818182,0.475,0.48535564853556484,0.5652173913043478,0.5075757575757576,0.47368421052631576,0.05,0.08333333333333333,0.05,17.174335709656514,0.48148148148148145,0.05,0.09728506787330317,0.010917030567685589,0.15447154471544716,0.008733624454148471,0.11773255813953488,0.010189228529839884,0.019736842105263157,0.011235955056179775,0.07344632768361582,0.07913669064748201,0.15,0.5,0.21052631578947367,0.6666666666666666,0.7272727272727273,0.8125,0.08771929824561403,0.4,0.42105263157894735,0.16666666666666666,0.30701754385964913,0.2,0.2,1.0,0.18181818181818182,0.75,0.13636363636363635,0.25,0.6666666666666666,0.6842105263157895,0.2028985507246377,0.5340033039647576,0.526775,0.5350508474576271,0.03829787234042553,0.06349206349206349,0.11206896551724138,0.28879310344827586,10.201666666666664,24.97037037037036,0.20449438202247192,18.0,52.0,3.0,18.0,9.0,30.0,2.0,,2.0,2.0,4.0,10.0,9.0,2.0,0.3,0.007936507936507936,0.005555555555555556,0.15079365079365079,0.16666666666666666,0.015384615384615385,0.875,0.22807017543859648,0.34615384615384615,0.35294117647058826,0.7777777777777778,0.3333333333333333,0.3,0.16666666666666666,18.0,12.0,2.0,12.0,5.0,1.0,,0.3333333333333333,0.019230769230769232,0.47368421052631576,0.47368421052631576,1.0,0.5454545454545454,0.16666666666666666,1.0,0.2,3.0,1.0,,,,4.0,,1.0,1.0,,,,,,,,,,6.0,1.0,0.5,0.009174311926605505,,,True,,,
1627850,1610612752,Marshall Plumlee,Marshall Plumlee,1627850,NYK,1307.0,22,-25,44,44,2,15,10,88,3.0,6,3.0,4.0,,,1.0,2.0,,,,,4,8,,,,8,53,3,5,,,6,,,,,,8,,,6.0,,,2,,,,,,,,,,2.0,4.0,1.0,1,,2,7,9,,,,2.0,,,,,2.0,2.0,,,1,3,,1,,,,2.0,,1.0,,,,,,2,,,,,,0.5,0.6,,0.5,0.6,,0.4444444444444444,0.5,,,0.25,0.3333333333333333,,18.333333333333336,1.0,,0.09090909090909091,0.16,0.16666666666666666,0.25,0.11764705882352941,0.18181818181818182,0.16666666666666666,0.3333333333333333,,,,,0.75,0.5,0.75,,0.25,0.5,0.5,,,,,,0.8,0.75,,,,0.75,,0.647325,0.7741333333333333,,0.1111111111111111,0.1111111111111111,0.75,,2.0625,,0.045454545454545456,,,,,,,,,,,,,,,,0.25,0.1111111111111111,0.2,0.5,,,,,,,,,,,,,,,,,,,,,,,,,,,,,,,,,,,,1.0,,,,,,,0.5,,,,,,,True,,,
2756,1610612752,Sasha Vujacic,Sasha Vujacic,2756,NYK,7620.0,127,-61,247,255,29,61,31,502,,4,,1.0,,2.0,,2.0,2.0,,2.0,14.0,4,19,2.0,16.0,6.0,20,283,1,3,,,2,1.0,4.0,1.0,3.0,4.0,4,3.0,3.0,,14.0,2.0,3,10.0,6.0,16.0,4.0,2.0,5.0,4.0,1.0,38.0,,4.0,3.0,7,2.0,12,4,16,5.0,4.0,1.0,5.0,,3.0,3.0,1.0,2.0,8.0,,2.0,11,16,1.0,8,,,,8.0,,2.0,,,,,3.0,29,0.5,0.5,0.5,0.125,0.125,0.21052631578947367,0.3333333333333333,0.25,0.2,0.3333333333333333,0.2,0.23684210526315788,0.3333333333333333,0.25,0.45714285714285713,0.15789473684210525,0.25,,15.972222222222223,0.625,0.13333333333333333,0.09722222222222222,0.04395604395604396,0.08108108108108109,,0.09174311926605505,0.02857142857142857,0.05714285714285714,,0.10714285714285714,0.13043478260869565,0.03571428571428571,,0.11428571428571428,,,,0.05714285714285714,,,0.05714285714285714,0.4,0.14285714285714285,0.14285714285714285,0.5,0.3333333333333333,,,0.4,,0.5714285714285714,0.14285714285714285,0.47698000000000007,0.44930000000000003,0.48599999999999993,0.05405405405405406,0.09523809523809523,0.1,0.15,14.357894736842105,25.106250000000003,0.11740890688259109,4.0,13.0,,1.0,,1.0,,,,,1.0,,,1.0,,0.043478260869565216,0.030303030303030304,0.047619047619047616,0.2222222222222222,,,0.37142857142857144,0.3076923076923077,0.36363636363636365,0.5,,0.2,,,,,,,,1.0,,0.15384615384615385,,,,,,,,,,2.0,,,,,,,,,,,,,,,,,,,,1.0,,True,,,
1627851,1610612752,Mindaugas Kuzminskas,Mindaugas Kuzminskas,1627851,NYK,26284.0,438,-99,851,862,174,217,113,1713,39.0,64,11.0,18.0,5.0,9.0,7.0,17.0,18.0,1.0,16.0,54.0,46,84,24.0,72.0,15.0,179,979,12,20,4.0,4.0,37,6.0,11.0,7.0,31.0,60.0,32,69.0,3.0,12.0,54.0,16.0,12,19.0,13.0,32.0,10.0,3.0,11.0,2.0,6.0,77.0,3.0,14.0,14.0,17,,31,17,48,9.0,9.0,,8.0,1.0,5.0,10.0,1.0,3.0,18.0,,4.0,10,26,3.0,30,,1.0,,22.0,3.0,12.0,4.0,1.0,4.0,2.0,31.0,174,0.6521739130434783,0.75,0.9583333333333334,0.3333333333333333,0.3333333333333333,0.5476190476190477,0.6,0.5454545454545454,0.5256410256410257,0.6875,0.5454545454545454,0.5391566265060241,0.7115384615384616,0.5961538461538461,0.46153846153846156,0.14285714285714285,0.171875,0.058823529411764705,18.548387096774192,0.4444444444444444,,0.06640625,0.05054151624548736,0.0958904109589041,0.018404907975460124,0.07711442786069651,0.038636363636363635,0.10344827586206896,0.015873015873015872,0.07446808510638298,0.08955223880597014,0.09523809523809523,0.5,0.41025641025641024,0.609375,0.7358490566037735,0.6666666666666666,0.10897435897435898,0.4117647058823529,0.4375,0.11538461538461539,0.34615384615384615,0.2962962962962963,0.2962962962962963,0.9375,0.75,0.6111111111111112,0.041666666666666664,0.4090909090909091,0.5555555555555556,0.8717948717948718,0.2962962962962963,0.5537134615384617,0.5695605263157895,0.5732295454545455,0.07272727272727272,0.12903225806451613,0.20670391061452514,0.17318435754189945,3.0773809523809526,25.11527777777777,0.2044653349001175,,3.0,4.0,10.0,4.0,11.0,6.0,3.0,1.0,1.0,1.0,3.0,4.0,1.0,0.36363636363636365,0.0136986301369863,0.011363636363636364,0.042105263157894736,0.0975609756097561,0.08571428571428572,0.5714285714285714,0.019230769230769232,,,,0.45454545454545453,0.45454545454545453,0.4,8.0,1.0,3.0,3.0,3.0,,1.0,0.75,,0.4444444444444444,0.4444444444444444,1.0,0.125,1.0,0.6666666666666666,0.045454545454545456,,1.0,,,,,0.02702702702702703,,,,,,,,,,,,,,,,1.0,,True,,,
202498,1610612752,Lance Thomas,Lance Thomas,202498,NYK,21577.0,360,-68,707,708,181,236,94,1415,13.0,29,3.0,9.0,6.0,9.0,10.0,22.0,13.0,1.0,7.0,16.0,29,70,16.0,29.0,11.0,117,818,5,14,2.0,1.0,14,10.0,18.0,4.0,30.0,24.0,34,45.0,3.0,4.0,16.0,7.0,7,9.0,4.0,13.0,1.0,3.0,5.0,2.0,2.0,30.0,5.0,8.0,17.0,22,5.0,44,14,58,4.0,1.0,3.0,4.0,3.0,4.0,8.0,,,12.0,,2.0,15,36,,19,1.0,7.0,,12.0,2.0,6.0,1.0,,1.0,,30.0,180,0.41379310344827586,0.4444444444444444,0.9375,0.5517241379310345,0.5517241379310345,0.4142857142857143,0.35714285714285715,0.5555555555555556,0.5353535353535354,0.40625,0.6190476190476191,0.5625,0.4375,0.6818181818181818,0.29292929292929293,0.1,0.20689655172413793,,14.320987654320989,0.3333333333333333,0.2631578947368421,0.10185185185185185,0.032,0.1328125,0.04807692307692308,0.11337209302325581,0.03672316384180791,0.02564102564102564,0.04938271604938271,0.0784313725490196,0.18333333333333332,0.12871287128712872,,0.29292929292929293,0.4482758620689655,0.5652173913043478,0.23076923076923078,0.2222222222222222,0.45454545454545453,0.45454545454545453,0.13131313131313133,0.16161616161616163,0.4375,0.4375,0.8571428571428571,0.5625,0.3333333333333333,0.0625,0.42857142857142855,0.6666666666666666,0.5858585858585859,0.4375,0.4768727272727272,0.49310384615384617,0.45632857142857136,0.05825242718446602,0.08108108108108109,0.11965811965811966,0.2564102564102564,8.667142857142858,24.489655172413794,0.256011315417256,6.0,19.0,1.0,1.0,2.0,3.0,1.0,3.0,3.0,2.0,1.0,1.0,5.0,1.0,0.6666666666666666,0.06097560975609756,0.011111111111111112,0.05555555555555555,0.14814814814814814,0.02127659574468085,0.4,0.1919191919191919,0.3157894736842105,0.3333333333333333,0.8333333333333334,0.3333333333333333,0.047619047619047616,1.0,9.0,2.0,,1.0,1.0,,,0.5,0.05263157894736842,0.6923076923076923,0.6923076923076923,1.0,0.0625,,,0.09523809523809523,1.0,,,,,,0.043478260869565216,1.0,1.0,,1.0,,,,,,,0.0625,1.0,,0.5,,2.0,,True,,,
2546,1610612752,Carmelo Anthony,Carmelo Anthony,2546,NYK,38814.0,647,-56,1279,1277,359,484,181,2556,28.0,61,7.0,11.0,9.0,19.0,39.0,86.0,12.0,2.0,37.0,93.0,125,275,41.0,105.0,74.0,447,1492,17,26,18.0,6.0,61,41.0,85.0,35.0,144.0,80.0,170,90.0,33.0,12.0,92.0,37.0,16,42.0,18.0,60.0,11.0,7.0,23.0,6.0,13.0,138.0,3.0,9.0,34.0,48,7.0,89,12,101,16.0,12.0,4.0,19.0,4.0,13.0,18.0,2.0,6.0,37.0,3.0,11.0,25,45,6.0,75,,2.0,1.0,89.0,8.0,39.0,6.0,,6.0,1.0,141.0,352,0.32,0.33613445378151263,0.7317073170731707,0.3904761904761905,0.3942307692307692,0.45454545454545453,0.6538461538461539,0.4823529411764706,0.49078947368421055,0.625,0.4780701754385965,0.5311004784688995,0.648936170212766,0.5296296296296297,0.27631578947368424,0.05818181818181818,0.18032786885245902,0.03488372093023256,30.23255813953488,0.5135135135135135,0.18421052631578946,0.11940298507462686,0.01939655172413793,0.15454545454545454,0.015789473684210527,0.13183279742765272,0.01834862385321101,0.01935483870967742,0.020833333333333332,0.10382513661202186,0.15454545454545454,0.14634146341463414,0.16666666666666666,0.16052631578947368,0.45901639344262296,0.56,0.6071428571428571,0.22631578947368422,0.45348837209302323,0.46987951807228917,0.031578947368421054,0.24473684210526317,0.3978494623655914,0.3978494623655914,0.7027027027027027,0.25,0.6363636363636364,0.045454545454545456,0.16666666666666666,0.47368421052631576,0.4368421052631579,0.40217391304347827,0.4688666666666667,0.52045,0.4544859649122806,0.09951456310679611,0.12745098039215685,0.13646532438478748,0.3221476510067114,11.755636363636363,25.660952380952374,0.28068803752931976,58.0,128.0,9.0,28.0,9.0,29.0,3.0,5.0,4.0,2.0,6.0,5.0,4.0,4.0,0.3103448275862069,0.021739130434782608,0.017543859649122806,0.11009174311926606,0.17857142857142858,0.015463917525773196,0.23076923076923078,0.3368421052631579,0.453125,0.4603174603174603,0.2413793103448276,0.42857142857142855,0.24561403508771928,0.32142857142857145,4.0,1.0,6.0,16.0,7.0,1.0,,0.3888888888888889,0.015625,0.3333333333333333,0.3333333333333333,1.0,0.36363636363636365,0.375,1.0,0.008771929824561403,1.0,,3.0,,,1.0,,0.5,1.0,,,,,,,,,,,2.0,,0.018867924528301886,,1.0,True,,,
204001,1610612752,Kristaps Porzingis,Kristaps Porzingis,204001,NYK,25416.0,424,38,842,827,143,132,105,1669,31.0,48,9.0,18.0,3.0,5.0,23.0,56.0,6.0,1.0,17.0,57.0,65,137,21.0,63.0,30.0,223,877,10,24,5.0,2.0,34,6.0,14.0,2.0,17.0,78.0,52,57.0,6.0,14.0,57.0,17.0,8,11.0,8.0,19.0,7.0,1.0,2.0,1.0,8.0,46.0,6.0,20.0,21.0,37,13.0,71,26,97,7.0,6.0,1.0,9.0,3.0,3.0,14.0,1.0,6.0,23.0,1.0,6.0,27,46,2.0,40,,3.0,,37.0,6.0,19.0,25.0,3.0,25.0,19.0,17.0,139,0.6,0.6724137931034483,0.9047619047619048,0.3333333333333333,0.3333333333333333,0.4744525547445255,0.4166666666666667,0.42857142857142855,0.4825,0.5517241379310345,0.35714285714285715,0.5163551401869159,0.5666666666666667,0.38636363636363635,0.315,0.058394160583941604,0.041666666666666664,0.08928571428571429,24.50879007238883,0.391304347826087,0.5652173913043478,0.13857677902621723,0.07220216606498195,0.125,0.045112781954887216,0.13333333333333333,0.06341463414634146,0.09411764705882353,0.045454545454545456,0.09482758620689655,0.2,0.13793103448275862,0.76,0.24,0.6458333333333334,0.6739130434782609,0.6774193548387096,0.28,0.4107142857142857,0.45098039215686275,0.03,0.285,0.2982456140350877,0.2982456140350877,0.8823529411764706,0.6206896551724138,0.5,0.034482758620689655,0.23809523809523808,0.6,0.555,0.2982456140350877,0.5155455,0.571116,0.5117238095238095,0.09345794392523364,0.12666666666666668,0.15246636771300448,0.07623318385650224,8.283211678832116,25.30634920634921,0.16983372921615203,11.0,33.0,1.0,6.0,1.0,7.0,6.0,1.0,4.0,4.0,,21.0,3.0,,0.14285714285714285,0.09411764705882353,0.037383177570093455,0.14814814814814814,0.09615384615384616,0.05660377358490566,0.43478260869565216,0.165,0.3333333333333333,0.34375,0.7272727272727273,0.1111111111111111,0.2857142857142857,0.16666666666666666,4.0,1.0,3.0,4.0,4.0,,,0.8,0.030303030303030304,0.6666666666666666,0.6666666666666666,1.0,0.13793103448275862,0.75,0.6666666666666666,0.047619047619047616,1.0,2.0,2.0,,,1.0,0.043478260869565216,1.0,1.0,,,,,1.0,1.0,,,,,1.0,,0.015625,2.0,,True,,,
201943,1610612752,Brandon Jennings,Brandon Jennings,201943,NYK,28147.0,469,-59,917,916,175,259,118,1833,18.0,33,2.0,3.0,6.0,9.0,9.0,23.0,13.0,1.0,16.0,50.0,33,79,23.0,63.0,27.0,162,1032,5,10,5.0,,13,7.0,13.0,7.0,30.0,14.0,52,36.0,33.0,,50.0,16.0,2,79.0,29.0,108.0,21.0,8.0,45.0,16.0,18.0,245.0,1.0,5.0,20.0,26,1.0,47,6,53,16.0,6.0,10.0,23.0,5.0,15.0,13.0,2.0,8.0,36.0,5.0,7.0,6,28,2.0,45,,2.0,,39.0,5.0,15.0,1.0,,1.0,,30.0,174,0.21212121212121213,0.21212121212121213,0.5217391304347826,0.36507936507936506,0.36507936507936506,0.4177215189873418,0.5,0.5384615384615384,0.4753521126760563,0.43333333333333335,0.5476190476190477,0.5159235668789809,0.43333333333333335,0.625,0.44366197183098594,0.02531645569620253,0.06060606060606061,,18.105065666041277,0.6388888888888888,0.041666666666666664,0.08754208754208755,0.01592356687898089,0.11363636363636363,0.006329113924050633,0.09725158562367865,0.012711864406779662,0.01020408163265306,0.007936507936507936,0.07633587786259542,0.12987012987012986,0.13636363636363635,,0.2323943661971831,0.5454545454545454,0.5806451612903226,0.3333333333333333,0.1619718309859155,0.391304347826087,0.391304347826087,0.09154929577464789,0.352112676056338,0.32,0.32,0.5625,0.2,0.6666666666666666,0.06666666666666667,0.42857142857142855,0.6666666666666666,0.676056338028169,0.32,0.5060359154929577,0.4856416666666667,0.501647619047619,0.12258064516129032,0.16853932584269662,0.08024691358024691,0.18518518518518517,8.61645569620253,24.746031746031747,0.19083969465648856,6.0,23.0,2.0,6.0,3.0,8.0,1.0,1.0,,2.0,2.0,1.0,5.0,2.0,0.375,0.022222222222222223,0.015873015873015872,0.06741573033707865,0.045454545454545456,0.012195121951219513,0.1111111111111111,0.1619718309859155,0.2608695652173913,0.2608695652173913,,,0.2857142857142857,0.3333333333333333,7.0,2.0,1.0,4.0,1.0,,2.0,0.2,,0.5384615384615384,0.5384615384615384,0.42857142857142855,0.26666666666666666,0.25,,0.09523809523809523,,,,,,,,,,,,,,,,,,,1.0,4.0,0.5,0.06060606060606061,3.0,1.0,True,,,
201565,1610612752,Derrick Rose,Derrick Rose,201565,NYK,27423.0,457,-28,920,905,237,303,131,1825,46.0,83,4.0,8.0,6.0,16.0,30.0,66.0,1.0,,3.0,11.0,101,200,4.0,12.0,51.0,265,1070,9,21,2.0,1.0,22,18.0,43.0,16.0,55.0,44.0,158,9.0,3.0,6.0,10.0,3.0,18,39.0,11.0,50.0,7.0,4.0,17.0,4.0,18.0,111.0,3.0,13.0,15.0,16,,31,16,47,10.0,8.0,2.0,23.0,4.0,16.0,11.0,4.0,7.0,34.0,2.0,8.0,7,15,,42,,3.0,2.0,59.0,5.0,30.0,3.0,1.0,3.0,2.0,53.0,233,0.21782178217821782,0.22448979591836735,0.75,0.3333333333333333,0.36363636363636365,0.505,0.42857142857142855,0.4186046511627907,0.5047169811320755,0.45652173913043476,0.43333333333333335,0.5543933054393305,0.4782608695652174,0.5092592592592593,0.05660377358490566,0.09,0.18072289156626506,0.045454545454545456,25.277777777777775,0.6764705882352942,,0.054982817869415807,0.040498442367601244,0.1048951048951049,0.024,0.07142857142857142,0.03587443946188341,0.06306306306306306,0.0297029702970297,0.05426356589147287,0.0625,0.09090909090909091,0.6666666666666666,0.3915094339622642,0.5542168674698795,0.6764705882352942,0.21739130434782608,0.3113207547169811,0.45454545454545453,0.47619047619047616,0.0047169811320754715,0.05188679245283019,0.2727272727272727,0.2727272727272727,0.6666666666666666,0.34782608695652173,0.5,,0.35555555555555557,0.375,0.4481132075471698,0.3,0.47962630331753553,0.518465625,0.4642633333333333,0.12658227848101267,0.13333333333333333,0.0830188679245283,0.20754716981132076,8.171499999999998,28.900000000000002,0.2576086956521739,25.0,51.0,1.0,2.0,1.0,2.0,8.0,,,,2.0,1.0,,1.0,0.5,0.049019607843137254,0.009259259259259259,0.04878048780487805,0.15151515151515152,0.09302325581395349,0.2,0.24056603773584906,0.49019607843137253,0.49019607843137253,0.24,0.25,0.044444444444444446,0.5,1.0,,1.0,2.0,1.0,1.0,,0.5,,1.0,1.0,1.0,0.08695652173913043,0.5,1.0,,,1.0,,,,1.0,,,,,,,,,,,,,,,,,1.0,,True,,,
201149,1610612752,Joakim Noah,Joakim Noah,201149,NYK,708.0,12,3,25,24,6,10,5,49,1.0,3,1.0,1.0,,,,,,,,,1,3,,,,2,29,1,1,,,2,,,,,,2,,,2.0,,,1,,2.0,2.0,2.0,,,,,6.0,,2.0,,3,,3,2,5,,,,,,,,,,,,,1,1,,1,,,,,,,1.0,,1.0,,,6,,,,,,0.3333333333333333,1.0,,0.3333333333333333,1.0,,0.3333333333333333,1.0,,,0.3333333333333333,0.3333333333333333,,9.375,,,0.3333333333333333,0.2222222222222222,,,0.2727272727272727,0.16666666666666666,,,,0.4,,,1.0,0.3333333333333333,0.5,,,,,,,,,,1.0,1.0,,,,1.0,,0.5592,0.5015,,,,1.0,,1.8666666666666665,,0.24,,,,,,,,,,1.0,,1.0,,,,1.0,,1.0,,,,,,,,,,,,,,,,,,,,,,,,,,,,,,,,,,,,,,,,,,,,,,,,,,,True,,,
1626184,1610612752,Chasson Randle,Chasson Randle,1626184,NYK,6160.0,103,8,208,218,96,89,27,426,8.0,15,1.0,2.0,6.0,10.0,1.0,2.0,2.0,,2.0,10.0,9,19,4.0,12.0,15.0,45,241,1,2,2.0,,5,7.0,11.0,8.0,25.0,4.0,14,12.0,,2.0,10.0,2.0,3,8.0,5.0,13.0,4.0,1.0,6.0,,2.0,31.0,2.0,,2.0,3,1.0,6,3,9,2.0,,2.0,2.0,1.0,2.0,2.0,1.0,,4.0,,2.0,8,15,,13,1.0,1.0,,16.0,3.0,7.0,,,,,25.0,96,0.2222222222222222,0.25,1.0,0.3333333333333333,0.3333333333333333,0.47368421052631576,0.5,0.6363636363636364,0.4838709677419355,0.625,0.6538461538461539,0.6081081081081081,0.625,0.78125,0.3870967741935484,0.15789473684210525,0.2,,17.22689075630252,0.5,0.09090909090909091,0.06382978723404255,,0.05714285714285714,0.05405405405405406,0.06097560975609756,0.022727272727272728,,0.06060606060606061,0.0625,,0.03571428571428571,,0.4838709677419355,0.5333333333333333,0.6666666666666666,0.25,0.06451612903225806,0.5,0.5,0.06451612903225806,0.3225806451612903,0.2,0.2,1.0,0.5,0.5,,0.7692307692307693,0.6,0.8709677419354839,0.2,0.5456483870967742,0.6743,0.566803846153846,0.2222222222222222,0.30434782608695654,0.1111111111111111,0.5555555555555556,3.9210526315789473,25.241666666666664,0.46153846153846156,,2.0,,1.0,1.0,2.0,,,2.0,1.0,1.0,,1.0,1.0,0.5,,,0.16666666666666666,0.14285714285714285,,,0.06451612903225806,,,,,0.07692307692307693,,2.0,1.0,1.0,2.0,1.0,,1.0,0.5,,1.0,1.0,1.0,0.5,0.5,1.0,0.07692307692307693,,,,,,,,,,,1.0,,,,,,,0.2,1.0,1.0,1.0,0.07692307692307693,,,False,,,
1626195,1610612752,Willy Hernangomez,Willy Hernangomez,1626195,NYK,69876.0,1165,-31,2338,2340,567,592,283,4678,165.0,275,56.0,93.0,35.0,58.0,42.0,90.0,5.0,,,5.0,219,402,1.0,10.0,74.0,515,2569,59,104,,20.0,138,50.0,89.0,26.0,126.0,260.0,178,3.0,,86.0,5.0,,32,56.0,34.0,90.0,23.0,11.0,26.0,11.0,19.0,214.0,26.0,116.0,103.0,160,40.0,303,146,449,39.0,30.0,9.0,48.0,7.0,29.0,41.0,2.0,19.0,89.0,7.0,16.0,65,135,13.0,114,2.0,3.0,,107.0,13.0,48.0,33.0,3.0,33.0,25.0,126.0,564,0.593607305936073,0.7386363636363636,1.0,0.1,0.1,0.5447761194029851,0.5673076923076923,0.5617977528089888,0.5351941747572816,0.5673076923076923,0.5263157894736842,0.5597826086956522,0.5897435897435898,0.5575221238938053,0.024271844660194174,0.07960199004975124,0.09818181818181818,0.05555555555555555,20.456245325355273,0.5393258426966292,0.47619047619047616,0.23529411764705882,0.15123859191655803,0.23842592592592593,0.07471264367816093,0.23651079136690648,0.1273542600896861,0.18928571428571428,0.05925925925925926,0.22397476340694006,0.21893491124260356,0.25308641975308643,0.7575757575757576,0.6674757281553398,0.6,0.6653225806451613,0.5878787878787879,0.21844660194174756,0.4666666666666667,0.49411764705882355,0.012135922330097087,0.012135922330097087,,,,0.8942307692307693,0.6021505376344086,,0.6105263157894737,0.603448275862069,0.691747572815534,,0.5390307785888078,0.5570750000000001,0.5301021276595744,0.10738255033557047,0.10983981693363844,0.26796116504854367,0.2446601941747573,4.2800995024875625,25.519999999999996,0.24251497005988024,12.0,37.0,,5.0,,6.0,18.0,9.0,15.0,24.0,13.0,30.0,10.0,11.0,,0.15246636771300448,0.10984848484848485,0.26804123711340205,0.19444444444444445,0.11392405063291139,0.5476190476190477,0.08980582524271845,0.32432432432432434,0.32432432432432434,0.8333333333333334,0.14285714285714285,0.05263157894736842,,1.0,1.0,,,,,13.0,,,0.2,0.2,1.0,,,,0.010526315789473684,,1.0,,,,,0.1282051282051282,,,,4.0,,3.0,1.0,,,,0.07017543859649122,,,,,4.0,,False,3.0,,
1626254,1610612752,Maurice Ndour,Maurice Ndour,1626254,NYK,13299.0,222,53,444,450,132,130,55,894,18.0,24,4.0,8.0,9.0,11.0,4.0,15.0,2.0,,,3.0,29,52,1.0,5.0,17.0,78,455,4,8,1.0,2.0,10,12.0,20.0,5.0,32.0,44.0,14,3.0,,4.0,3.0,,4,4.0,1.0,5.0,1.0,,3.0,,1.0,11.0,4.0,9.0,8.0,16,6.0,30,13,43,11.0,5.0,6.0,6.0,,4.0,1.0,,2.0,7.0,2.0,1.0,13,19,,17,,1.0,,21.0,3.0,11.0,6.0,,6.0,4.0,32.0,132,0.7586206896551724,0.8148148148148148,1.0,0.2,0.2,0.5576923076923077,0.5,0.6,0.5350877192982456,0.4444444444444444,0.6428571428571429,0.5909090909090909,0.5,0.6956521739130435,0.08771929824561403,0.07692307692307693,0.125,,14.229249011857709,0.8571428571428571,0.46153846153846156,0.14953271028037382,0.0661764705882353,0.1038961038961039,0.06060606060606061,0.13043478260869565,0.06435643564356436,0.06,0.058823529411764705,0.125,0.24242424242424243,0.13333333333333333,0.6666666666666666,0.42105263157894735,0.75,0.8571428571428571,0.7777777777777778,0.2631578947368421,0.26666666666666666,0.26666666666666666,0.03508771929824561,0.05263157894736842,,,,0.8888888888888888,0.5,,0.5238095238095238,0.8181818181818182,0.5087719298245614,,0.5239070175438596,0.5454357142857144,0.5748261904761904,0.16923076923076924,0.18333333333333332,0.1282051282051282,0.41025641025641024,7.398076923076922,24.200000000000003,0.2972972972972973,7.0,13.0,,,1.0,1.0,1.0,,1.0,2.0,1.0,6.0,2.0,,1.0,0.05,0.08695652173913043,0.07692307692307693,,0.043478260869565216,0.5,0.22807017543859648,0.5384615384615384,0.5833333333333334,0.8571428571428571,0.5,,,1.0,1.0,,1.0,,,,,0.07692307692307693,0.5,0.5,1.0,0.1111111111111111,,,0.047619047619047616,,1.0,,,,,0.06666666666666667,,,,,,1.0,,,,,,1.0,,1.0,,,,False,,,
1627758,1610612752,Ron Baker,Ron Baker,1627758,NYK,33445.0,557,-24,1103,1116,323,290,131,2219,31.0,54,5.0,8.0,9.0,20.0,2.0,13.0,17.0,2.0,9.0,31.0,41,85,15.0,48.0,16.0,143,1209,5,9,3.0,,13,10.0,24.0,9.0,44.0,22.0,60,36.0,9.0,6.0,29.0,9.0,7,48.0,24.0,72.0,18.0,6.0,31.0,7.0,10.0,168.0,2.0,9.0,29.0,26,2.0,57,11,68,20.0,9.0,11.0,27.0,4.0,20.0,12.0,3.0,7.0,39.0,2.0,14.0,25,51,2.0,35,1.0,5.0,1.0,25.0,4.0,10.0,7.0,,7.0,5.0,44.0,322,0.2682926829268293,0.2894736842105263,0.8,0.3125,0.32608695652173914,0.4823529411764706,0.5555555555555556,0.4166666666666667,0.4774436090225564,0.5416666666666666,0.44871794871794873,0.5,0.5416666666666666,0.4888888888888889,0.3609022556390977,0.08235294117647059,0.12962962962962962,,14.490445859872612,0.6923076923076923,0.0625,0.0912280701754386,0.026392961876832845,0.13302752293577982,0.010752688172043012,0.10934393638170974,0.020872865275142316,0.047244094488188976,0.013513513513513514,0.08270676691729323,0.1,0.1488095238095238,0.7142857142857143,0.40601503759398494,0.5740740740740741,0.6595744680851063,0.3225806451612903,0.09774436090225563,0.15384615384615385,0.15384615384615385,0.12781954887218044,0.23308270676691728,0.2903225806451613,0.3,0.6666666666666666,0.6666666666666666,0.625,0.16666666666666666,0.5128205128205128,0.45,0.7669172932330827,0.3103448275862069,0.5361158914728681,0.5703318181818182,0.5589527777777779,0.07857142857142857,0.10989010989010989,0.09090909090909091,0.3076923076923077,6.33529411764706,25.641666666666666,0.2928377153218495,8.0,18.0,4.0,11.0,5.0,15.0,4.0,,1.0,1.0,3.0,7.0,2.0,3.0,0.3333333333333333,0.008333333333333333,0.02127659574468085,0.09722222222222222,0.08,0.06153846153846154,,0.13533834586466165,0.4444444444444444,0.4444444444444444,0.125,,0.28205128205128205,0.36363636363636365,6.0,4.0,,1.0,1.0,2.0,,0.3333333333333333,,0.35294117647058826,0.375,1.0,0.08333333333333333,,,0.10256410256410256,1.0,1.0,,,,,,0.5,1.0,2.0,,,,,,0.041666666666666664,0.03225806451612903,,1.0,1.0,0.25,0.02040816326530612,,,False,,1.0,0.058823529411764705
203200,1610612752,Justin Holiday,Justin Holiday,203200,NYK,57295.0,955,7,1914,1924,519,571,245,3838,38.0,65,6.0,11.0,12.0,16.0,11.0,18.0,57.0,4.0,38.0,108.0,78,145,65.0,165.0,46.0,397,2105,12,18,8.0,3.0,33,18.0,31.0,21.0,129.0,108.0,48,189.0,6.0,6.0,106.0,38.0,12,39.0,10.0,49.0,8.0,2.0,27.0,4.0,8.0,108.0,8.0,12.0,51.0,56,8.0,115,20,135,46.0,34.0,12.0,29.0,6.0,25.0,10.0,1.0,4.0,39.0,,6.0,38,70,1.0,42,2.0,3.0,2.0,56.0,4.0,21.0,14.0,4.0,15.0,11.0,129.0,517,0.6923076923076923,0.72,0.9692307692307692,0.3939393939393939,0.3987730061349693,0.5379310344827586,0.6666666666666666,0.5806451612903226,0.5661290322580645,0.5769230769230769,0.7297297297297297,0.592814371257485,0.5892857142857143,0.7529411764705882,0.532258064516129,0.08275862068965517,0.15384615384615385,,16.88546853779991,0.7435897435897436,0.10810810810810811,0.10916179337231968,0.020168067226890758,0.13709677419354838,0.023323615160349854,0.12090395480225989,0.021321961620469083,0.024691358024691357,0.022388059701492536,0.100418410041841,0.1276595744680851,0.11578947368421053,0.7333333333333333,0.20967741935483872,0.5846153846153846,0.6909090909090909,0.6842105263157895,0.05806451612903226,0.6111111111111112,0.6111111111111112,0.18387096774193548,0.34838709677419355,0.35185185185185186,0.35514018691588783,0.9473684210526315,0.4230769230769231,0.5454545454545454,0.15384615384615385,0.21621621621621623,0.75,0.7419354838709677,0.3584905660377358,0.5278288961038963,0.5317472222222223,0.530675,0.07272727272727272,0.12962962962962962,0.08312342569269521,0.3249370277078086,9.728275862068967,25.102424242424252,0.2711598746081505,29.0,62.0,15.0,31.0,24.0,43.0,6.0,,7.0,1.0,4.0,9.0,6.0,4.0,0.5581395348837209,0.01910828025477707,0.015384615384615385,0.10526315789473684,0.20689655172413793,0.039735099337748346,0.5454545454545454,0.2,0.46774193548387094,0.48333333333333334,0.7586206896551724,0.5,0.4189189189189189,0.4838709677419355,27.0,12.0,1.0,4.0,2.0,2.0,1.0,0.25,0.03225806451612903,0.47368421052631576,0.47368421052631576,1.0,0.15384615384615385,0.25,1.0,0.16216216216216217,1.0,1.0,1.0,1.0,,1.0,0.02666666666666667,0.25,1.0,1.0,,1.0,,,,0.006060606060606061,0.009259259259259259,,9.0,3.0,0.75,0.017857142857142856,1.0,,False,,,
201584,1610612752,Courtney Lee,Courtney Lee,201584,NYK,112391.0,1873,-114,3724,3718,835,859,448,7442,48.0,89,4.0,12.0,8.0,17.0,43.0,86.0,89.0,11.0,47.0,120.0,150,312,92.0,209.0,62.0,638,4201,17,35,32.0,5.0,78,21.0,43.0,26.0,134.0,152.0,148,246.0,30.0,4.0,120.0,47.0,16,89.0,42.0,131.0,30.0,12.0,45.0,20.0,24.0,304.0,19.0,22.0,64.0,88,3.0,155,41,196,63.0,49.0,14.0,31.0,12.0,22.0,18.0,2.0,9.0,49.0,3.0,11.0,59,112,,56,1.0,2.0,2.0,73.0,8.0,28.0,14.0,4.0,17.0,8.0,128.0,827,0.5066666666666667,0.5135135135135135,0.8913043478260869,0.44019138755980863,0.44019138755980863,0.4807692307692308,0.4857142857142857,0.4883720930232558,0.5527831094049904,0.5447761194029851,0.6206896551724138,0.5753176043557169,0.5571428571428572,0.6534653465346535,0.40115163147792704,0.05128205128205128,0.14606741573033707,0.023255813953488372,14.104372355430185,0.6326530612244898,0.031914893617021274,0.08051235132662397,0.01717408274785324,0.09453471196454949,0.03525046382189239,0.08587570621468926,0.022527472527472527,0.015418502202643172,0.0405727923627685,0.05639913232104121,0.13398692810457516,0.09576427255985268,0.47058823529411764,0.1708253358925144,0.5393258426966292,0.631578947368421,0.5416666666666666,0.16506717850287908,0.5,0.5119047619047619,0.1708253358925144,0.23032629558541268,0.39166666666666666,0.39166666666666666,0.8723404255319149,0.1791044776119403,0.3333333333333333,0.16417910447761194,0.19540229885057472,0.47058823529411764,0.5719769673704415,0.39166666666666666,0.5030599808061419,0.5238920454545454,0.5053580459770116,0.05350553505535055,0.08433734939759036,0.12225705329153605,0.21003134796238246,10.836538461538462,24.520095693779908,0.22422126745435017,59.0,137.0,15.0,31.0,22.0,44.0,8.0,2.0,2.0,4.0,9.0,8.0,12.0,6.0,0.5,0.007772020725388601,0.027210884353741496,0.06441717791411043,0.08955223880597014,0.0311284046692607,0.5116279069767442,0.2629558541266795,0.4306569343065693,0.4338235294117647,0.4745762711864407,0.25,0.3563218390804598,0.4838709677419355,45.0,13.0,8.0,21.0,13.0,,7.0,0.40625,0.0072992700729927005,0.5056179775280899,0.5056179775280899,0.9111111111111111,0.31343283582089554,0.38095238095238093,0.875,0.14942528735632185,5.0,1.0,4.0,3.0,,2.0,0.016666666666666666,0.45454545454545453,0.8,,,3.0,,,1.0,,,,7.0,1.0,0.5384615384615384,0.004761904761904762,,,False,,,
2546,1610612752,Carmelo Anthony,Carmelo Anthony,2546,NYK,113486.0,1891,-177,3785,3778,831,944,458,7563,75.0,130,18.0,34.0,21.0,35.0,78.0,183.0,35.0,6.0,94.0,281.0,326,693,110.0,316.0,230.0,1212,4281,33,68,34.0,24.0,150,67.0,147.0,92.0,310.0,202.0,450,255.0,75.0,28.0,276.0,94.0,22,98.0,55.0,153.0,31.0,24.0,52.0,26.0,20.0,361.0,7.0,43.0,101.0,172,14.0,287,50,337,44.0,23.0,21.0,62.0,15.0,38.0,54.0,9.0,24.0,116.0,7.0,19.0,63,153,19.0,201,,3.0,1.0,276.0,21.0,106.0,27.0,3.0,28.0,16.0,308.0,822,0.3098159509202454,0.32371794871794873,0.7727272727272727,0.34810126582278483,0.3536977491961415,0.4704184704184704,0.4852941176470588,0.4557823129251701,0.48662041625371655,0.6176470588235294,0.461864406779661,0.5328888888888889,0.6422413793103449,0.5348432055749129,0.313181367690783,0.031746031746031744,0.08461538461538462,0.04918032786885246,28.620848708487085,0.5344827586206896,0.13333333333333333,0.15140845070422534,0.032600454890068235,0.14918759231905465,0.0125,0.15057915057915058,0.026609898882384245,0.05450733752620545,0.01583710407239819,0.13692946058091288,0.1608832807570978,0.15328467153284672,0.5714285714285714,0.1288404360753221,0.5769230769230769,0.6302521008403361,0.3466666666666667,0.18136769078295342,0.4262295081967213,0.4482758620689655,0.03468780971258672,0.27849355797819625,0.33451957295373663,0.33451957295373663,0.7446808510638298,0.3333333333333333,0.5294117647058824,0.058823529411764705,0.1483050847457627,0.6,0.44202180376610506,0.34057971014492755,0.4604499002991028,0.4983068749999998,0.45182695652173915,0.10435571687840291,0.13624678663239073,0.12376237623762376,0.25577557755775576,12.995093795093792,25.687658227848097,0.21955085865257595,173.0,380.0,24.0,82.0,28.0,89.0,21.0,5.0,16.0,6.0,23.0,21.0,23.0,20.0,0.3146067415730337,0.038860103626943004,0.0043859649122807015,0.1632047477744807,0.13178294573643412,0.039473684210526314,0.20512820512820512,0.37661050545094155,0.45526315789473687,0.4576719576719577,0.34104046242774566,0.16666666666666666,0.3474576271186441,0.2926829268292683,16.0,7.0,19.0,28.0,20.0,5.0,1.0,0.5882352941176471,0.005263157894736842,0.45714285714285713,0.45714285714285713,0.9375,0.27450980392156865,0.6785714285714286,1.0,0.029661016949152543,1.0,1.0,14.0,1.0,,3.0,,0.16666666666666666,1.0,,,1.0,,1.0,1.0,,,,4.0,9.0,0.5714285714285714,0.027777777777777776,,1.0,False,,,
1627851,1610612752,Mindaugas Kuzminskas,Mindaugas Kuzminskas,1627851,NYK,34688.0,578,96,1189,1182,312,368,163,2371,47.0,86,7.0,18.0,11.0,17.0,9.0,24.0,23.0,4.0,22.0,73.0,58,117,30.0,96.0,40.0,246,1227,10,23,9.0,14.0,52,11.0,24.0,19.0,68.0,70.0,46,78.0,12.0,12.0,73.0,22.0,22,25.0,12.0,37.0,7.0,5.0,15.0,2.0,8.0,86.0,9.0,18.0,20.0,26,2.0,48,30,78,20.0,11.0,9.0,14.0,5.0,6.0,19.0,4.0,8.0,33.0,5.0,6.0,31,53,2.0,39,,,1.0,46.0,3.0,19.0,5.0,1.0,7.0,2.0,68.0,312,0.603448275862069,0.6730769230769231,0.8666666666666667,0.3125,0.3125,0.49572649572649574,0.43478260869565216,0.4583333333333333,0.4835680751173709,0.59375,0.5444444444444444,0.5234042553191489,0.65,0.6181818181818182,0.4507042253521127,0.18803418803418803,0.23255813953488372,,19.27797833935018,0.42424242424242425,0.05128205128205128,0.0771513353115727,0.05099150141643059,0.0881057268722467,0.04205607476635514,0.08156028368794327,0.047619047619047616,0.0625,0.029940119760479042,0.09271523178807947,0.05555555555555555,0.10365853658536585,0.2857142857142857,0.40375586854460094,0.5465116279069767,0.7121212121212122,0.6808510638297872,0.11267605633802817,0.375,0.375,0.107981220657277,0.3427230046948357,0.3013698630136986,0.3055555555555556,0.8181818181818182,0.5625,0.3888888888888889,0.125,0.37777777777777777,0.6470588235294118,0.8544600938967136,0.3013698630136986,0.5653643192488262,0.5833086956521739,0.5429922222222222,0.08296943231441048,0.14285714285714285,0.21138211382113822,0.2764227642276423,3.468376068376069,25.044791666666665,0.2624053826745164,2.0,7.0,6.0,15.0,9.0,21.0,5.0,5.0,4.0,3.0,6.0,4.0,3.0,5.0,0.42857142857142855,0.061855670103092786,0.020833333333333332,0.07291666666666667,0.047619047619047616,0.04950495049504951,0.2222222222222222,0.03286384976525822,0.2857142857142857,0.4,0.5,0.2857142857142857,0.3333333333333333,0.4,8.0,6.0,3.0,5.0,6.0,,,0.6666666666666666,0.2857142857142857,0.34782608695652173,0.34782608695652173,1.0,0.15625,0.6,1.0,0.13333333333333333,3.0,2.0,,2.0,1.0,,0.0851063829787234,0.75,1.0,1.0,3.0,1.0,,,,0.010416666666666666,0.0136986301369863,0.125,3.0,,0.5,,,,False,1.0,,
204001,1610612752,Kristaps Porzingis,Kristaps Porzingis,204001,NYK,104449.0,1741,-137,3503,3494,686,668,408,6997,120.0,174,27.0,45.0,26.0,35.0,81.0,204.0,30.0,3.0,79.0,221.0,266,534,91.0,251.0,168.0,973,3919,33,73,18.0,22.0,103,44.0,91.0,53.0,180.0,364.0,168,273.0,,38.0,221.0,79.0,23,47.0,31.0,78.0,20.0,11.0,22.0,12.0,13.0,187.0,29.0,53.0,103.0,165,25.0,293,85,378,40.0,27.0,13.0,54.0,8.0,27.0,42.0,11.0,27.0,96.0,5.0,14.0,118,198,12.0,179,,5.0,1.0,214.0,21.0,96.0,101.0,24.0,104.0,66.0,180.0,681,0.6842105263157895,0.7368421052631579,1.0,0.36254980079681276,0.36254980079681276,0.49812734082397003,0.4520547945205479,0.4835164835164835,0.5127388535031847,0.44505494505494503,0.47388059701492535,0.5506833712984055,0.49047619047619045,0.5327380952380952,0.3197452229299363,0.04307116104868914,0.08045977011494253,0.03431372549019608,24.515479486534108,0.5625,0.26881720430107525,0.1533457249070632,0.04588744588744589,0.1645367412140575,0.053406998158379376,0.15746180963572268,0.048292108362779744,0.05392156862745098,0.04838709677419355,0.12658227848101267,0.15358361774744028,0.16265060240963855,0.6346153846153846,0.22165605095541402,0.6896551724137931,0.75,0.725,0.25987261146496815,0.39705882352941174,0.41116751269035534,0.03821656050955414,0.28152866242038216,0.3574660633484163,0.3574660633484163,1.0,0.4945054945054945,0.6,0.03296703296703297,0.26119402985074625,0.7428571428571429,0.5414012738853503,0.3574660633484163,0.5062016560509557,0.5521725352112677,0.5065067164179103,0.11265969802555169,0.15763546798029557,0.10585817060637205,0.18499486125385406,9.02621722846442,25.277689243027876,0.19583214387667713,65.0,156.0,11.0,38.0,13.0,43.0,17.0,5.0,16.0,14.0,17.0,77.0,13.0,13.0,0.3023255813953488,0.05,0.03359173126614987,0.1941747572815534,0.171875,0.04239401496259352,0.6172839506172839,0.19872611464968154,0.4166666666666667,0.42207792207792205,0.6923076923076923,0.14814814814814814,0.2835820895522388,0.2894736842105263,12.0,5.0,4.0,15.0,5.0,,4.0,0.2777777777777778,0.01282051282051282,0.4,0.4,1.0,0.16483516483516483,0.26666666666666666,1.0,0.03731343283582089,1.0,,7.0,3.0,2.0,,0.07339449541284404,0.3333333333333333,1.0,,3.0,1.0,4.0,1.0,7.0,,,0.039473684210526314,2.0,1.0,0.4,0.003968253968253968,2.0,,False,2.0,1.0,
1627850,1610612752,Marshall Plumlee,Marshall Plumlee,1627850,NYK,8905.0,148,22,292,306,143,144,44,598,10.0,15,2.0,3.0,4.0,7.0,1.0,4.0,,,,,12,22,,,8.0,32,323,2,3,,,4,6.0,13.0,6.0,18.0,16.0,8,,,2.0,,,3,5.0,5.0,10.0,3.0,2.0,1.0,1.0,3.0,25.0,5.0,11.0,11.0,14,1.0,26,16,42,4.0,3.0,1.0,7.0,,3.0,3.0,,4.0,10.0,1.0,4.0,11,20,1.0,16,,,,17.0,3.0,8.0,4.0,1.0,4.0,3.0,18.0,143,0.6666666666666666,0.7272727272727273,,,,0.5454545454545454,0.6666666666666666,0.46153846153846156,0.5454545454545454,0.6666666666666666,0.46153846153846156,0.5517241379310345,0.5,0.5294117647058824,,0.13636363636363635,0.2,,11.370262390670554,0.7,0.1111111111111111,0.19444444444444445,0.1375,0.16923076923076924,0.08620689655172414,0.18248175182481752,0.11594202898550725,0.11538461538461539,0.08695652173913043,0.11764705882352941,0.30434782608695654,0.14,0.75,0.6818181818181818,0.6666666666666666,0.8333333333333334,0.8,0.18181818181818182,0.25,0.25,,,,,,1.0,0.6666666666666666,,0.5384615384615384,0.5714285714285714,0.6818181818181818,,0.5597227272727273,0.5284,0.5637,0.2962962962962963,0.2962962962962963,0.125,0.5625,4.622727272727272,,0.4897260273972603,1.0,3.0,,,,,1.0,,4.0,4.0,2.0,3.0,3.0,2.0,,0.13043478260869565,0.16129032258064516,0.2,0.26666666666666666,0.14285714285714285,,0.13636363636363635,0.3333333333333333,0.3333333333333333,,0.5,,,,,,,,,,,,,,,,,,,,,,,,,0.08333333333333333,,,,,,,,,,,,,,,,1.0,,False,1.0,,
2756,1610612752,Sasha Vujacic,Sasha Vujacic,2756,NYK,16869.0,281,52,568,576,190,190,68,1144,2.0,7,,1.0,1.0,2.0,1.0,2.0,11.0,,18.0,47.0,15,43,21.0,58.0,11.0,104,571,1,4,8.0,2.0,10,5.0,10.0,6.0,40.0,18.0,12,45.0,18.0,,46.0,18.0,2,28.0,8.0,36.0,6.0,2.0,16.0,2.0,10.0,80.0,4.0,3.0,22.0,13,,35,8,43,8.0,6.0,2.0,5.0,1.0,5.0,3.0,,,8.0,,5.0,6,22,1.0,9,,1.0,,16.0,1.0,3.0,2.0,1.0,2.0,,40.0,190,0.6,0.6,0.7142857142857143,0.3620689655172414,0.3684210526315789,0.3488372093023256,0.25,0.5,0.4603960396039604,0.3333333333333333,0.5,0.4858490566037736,0.35714285714285715,0.5263157894736842,0.5742574257425742,0.046511627906976744,0.2857142857142857,,17.647058823529413,0.625,,0.07692307692307693,0.01694915254237288,0.19642857142857142,0.041237113402061855,0.12455516014234876,0.025547445255474453,,0.05333333333333334,0.11842105263157894,0.08,0.19767441860465115,,0.06930693069306931,0.2857142857142857,0.4,,0.019801980198019802,0.5,0.5,0.10891089108910891,0.46534653465346537,0.3829787234042553,0.3829787234042553,0.6666666666666666,0.08333333333333333,,,0.058823529411764705,0.5,0.6435643564356436,0.391304347826087,0.4927284999999999,0.5224388888888889,0.5087772727272728,0.057692307692307696,0.06666666666666667,0.09615384615384616,0.38461538461538464,15.734883720930236,25.317241379310353,0.3345070422535211,12.0,34.0,7.0,17.0,8.0,24.0,,,,,2.0,1.0,4.0,1.0,0.3333333333333333,0.017857142857142856,0.02857142857142857,,0.19230769230769232,,,0.33663366336633666,0.35294117647058826,0.35294117647058826,0.75,,0.5,0.4117647058823529,3.0,7.0,2.0,8.0,2.0,1.0,1.0,0.25,,0.2727272727272727,0.2727272727272727,1.0,0.6666666666666666,0.25,0.5,0.20588235294117646,,1.0,2.0,,,,,,,,1.0,,,,,,,0.05,1.0,3.0,0.14285714285714285,0.05084745762711865,,2.0,False,,,
201565,1610612752,Derrick Rose,Derrick Rose,201565,NYK,97491.0,1625,-137,3263,3263,666,795,387,6526,187.0,342,17.0,30.0,40.0,68.0,87.0,214.0,10.0,,5.0,38.0,346,717,9.0,48.0,170.0,889,3710,32,64,5.0,6.0,70,70.0,133.0,38.0,178.0,150.0,542,18.0,9.0,22.0,34.0,5.0,66,130.0,103.0,233.0,69.0,34.0,64.0,25.0,41.0,569.0,13.0,37.0,63.0,86,,149,50,199,34.0,26.0,8.0,69.0,17.0,46.0,44.0,9.0,23.0,113.0,6.0,23.0,28,69,4.0,145,3.0,6.0,8.0,194.0,21.0,98.0,12.0,1.0,14.0,5.0,172.0,657,0.21676300578034682,0.22388059701492538,0.6666666666666666,0.1875,0.20454545454545456,0.4825662482566248,0.5,0.5263157894736842,0.4699346405228758,0.463768115942029,0.47619047619047616,0.5217391304347826,0.4861111111111111,0.5329341317365269,0.06274509803921569,0.09205020920502092,0.13450292397660818,0.08411214953271028,25.87224906065486,0.6106194690265486,,0.08608608608608609,0.03245614035087719,0.10361842105263158,0.02826086956521739,0.09271935283136279,0.03125,0.04830917874396135,0.030470914127423823,0.0625,0.11940298507462686,0.10578842315369262,0.35714285714285715,0.4470588235294118,0.5467836257309941,0.6317567567567568,0.17647058823529413,0.2797385620915033,0.40654205607476634,0.44387755102040816,0.013071895424836602,0.04967320261437908,0.13157894736842105,0.13513513513513514,0.6,0.43478260869565216,0.5666666666666667,,0.46258503401360546,0.5882352941176471,0.5098039215686274,0.14705882352941177,0.49660729303547957,0.48766274509803914,0.497256993006993,0.1163895486935867,0.12342569269521411,0.07874015748031496,0.20022497187851518,7.398465829846582,27.918749999999992,0.20410665032178976,72.0,161.0,,13.0,,14.0,18.0,4.0,5.0,5.0,9.0,6.0,7.0,6.0,,0.04129793510324484,0.007751937984496124,0.08888888888888889,0.09345794392523364,0.05357142857142857,0.19540229885057472,0.21045751633986928,0.4472049689440994,0.4528301886792453,0.3472222222222222,0.17647058823529413,0.08843537414965986,,4.0,1.0,,5.0,,4.0,2.0,,0.012422360248447204,0.4,0.4,0.75,0.07246376811594203,,,0.006802721088435374,,1.0,1.0,2.0,2.0,5.0,0.020202020202020204,,,1.0,,,,,,0.020833333333333332,0.02631578947368421,,,,,,6.0,,False,1.0,,
202498,1610612752,Lance Thomas,Lance Thomas,202498,NYK,36478.0,608,-137,1202,1205,211,311,145,2407,14.0,31,5.0,9.0,3.0,4.0,3.0,17.0,28.0,2.0,12.0,28.0,30,89,22.0,56.0,32.0,158,1391,6,13,5.0,9.0,24,5.0,12.0,14.0,36.0,28.0,32,66.0,,8.0,28.0,12.0,10,16.0,6.0,22.0,4.0,2.0,5.0,4.0,7.0,50.0,3.0,13.0,27.0,30,9.0,66,18,84,17.0,10.0,7.0,5.0,2.0,2.0,8.0,1.0,3.0,13.0,3.0,2.0,19,49,2.0,30,,5.0,3.0,39.0,,14.0,4.0,1.0,4.0,4.0,36.0,209,0.4666666666666667,0.5384615384615384,1.0,0.39285714285714285,0.39285714285714285,0.33707865168539325,0.46153846153846156,0.4166666666666667,0.43448275862068964,0.4166666666666667,0.4782608695652174,0.48466257668711654,0.5454545454545454,0.5806451612903226,0.38620689655172413,0.11235955056179775,0.2903225806451613,0.058823529411764705,12.8,0.38461538461538464,0.28125,0.08955223880597014,0.030373831775700934,0.10843373493975904,0.016483516483516484,0.0976027397260274,0.02622950819672131,0.03205128205128205,0.022222222222222223,0.04216867469879518,0.1625,0.09595959595959595,1.0,0.21379310344827587,0.45161290322580644,0.6363636363636364,0.2857142857142857,0.11724137931034483,0.17647058823529413,0.1875,0.19310344827586207,0.19310344827586207,0.42857142857142855,0.42857142857142855,1.0,0.5,0.5555555555555556,0.1111111111111111,0.17391304347826086,0.75,0.6,0.42857142857142855,0.49273793103448277,0.5197124999999999,0.4914630434782609,0.10559006211180125,0.13592233009708737,0.1518987341772152,0.22784810126582278,11.219101123595506,24.244642857142853,0.17554076539101499,13.0,41.0,2.0,7.0,4.0,11.0,2.0,3.0,3.0,1.0,2.0,3.0,8.0,2.0,0.36363636363636365,0.041666666666666664,0.019736842105263157,0.11235955056179775,0.1568627450980392,0.024096385542168676,0.3333333333333333,0.2827586206896552,0.3170731707317073,0.3170731707317073,0.6923076923076923,,0.30434782608695654,0.2857142857142857,10.0,4.0,,3.0,1.0,,,0.2,,0.35714285714285715,0.35714285714285715,1.0,0.16666666666666666,,,0.17391304347826086,1.0,,,,,,,0.5,1.0,,2.0,,,,,,,0.05714285714285714,2.0,3.0,0.5,0.05172413793103448,,1.0,False,,,
201943,1610612752,Brandon Jennings,Brandon Jennings,201943,NYK,57529.0,959,-35,1966,1954,509,567,241,3920,32.0,72,1.0,3.0,8.0,20.0,12.0,35.0,23.0,,36.0,114.0,62,150,45.0,137.0,75.0,334,2178,3,13,6.0,2.0,14,12.0,37.0,38.0,104.0,24.0,100,63.0,72.0,,112.0,36.0,10,110.0,69.0,179.0,50.0,19.0,66.0,21.0,23.0,427.0,6.0,8.0,41.0,43,,84,15,99,39.0,22.0,17.0,44.0,10.0,29.0,26.0,5.0,15.0,70.0,4.0,21.0,13,56,4.0,81,,9.0,7.0,96.0,4.0,33.0,2.0,,3.0,1.0,103.0,504,0.1935483870967742,0.1935483870967742,0.4666666666666667,0.3284671532846715,0.3333333333333333,0.41333333333333333,0.23076923076923078,0.32432432432432434,0.45121951219512196,0.3157894736842105,0.42857142857142855,0.5030120481927711,0.35,0.52,0.47735191637630664,0.06666666666666667,0.1111111111111111,0.05714285714285714,17.954443948191155,0.6285714285714286,,0.0763765541740675,0.013961605584642234,0.11815561959654179,0.01634877384196185,0.09230769230769231,0.014893617021276596,0.009302325581395349,0.017421602787456445,0.07462686567164178,0.1111111111111111,0.11026615969581749,0.3333333333333333,0.2508710801393728,0.4444444444444444,0.5,0.25,0.12195121951219512,0.34285714285714286,0.36363636363636365,0.08013937282229965,0.397212543554007,0.3157894736842105,0.3157894736842105,0.3611111111111111,0.15789473684210525,0.3333333333333333,,0.2597402597402597,0.4,0.7282229965156795,0.32142857142857145,0.5171942105263158,0.455345,0.48840600000000006,0.11006289308176101,0.18435754189944134,0.041916167664670656,0.31137724550898205,7.738,25.574452554744525,0.2589013224821974,18.0,43.0,13.0,34.0,14.0,40.0,2.0,4.0,3.0,2.0,14.0,2.0,10.0,13.0,0.35,0.013333333333333334,0.019230769230769232,0.046357615894039736,0.14285714285714285,0.012345679012345678,,0.14982578397212543,0.4186046511627907,0.4186046511627907,0.2222222222222222,1.0,0.44155844155844154,0.38235294117647056,9.0,6.0,2.0,6.0,2.0,2.0,3.0,0.3333333333333333,,0.391304347826087,0.391304347826087,0.8888888888888888,0.3157894736842105,0.3333333333333333,0.5,0.07792207792207792,,,,1.0,,,0.0125,,,,1.0,1.0,,,,,,0.019230769230769232,1.0,2.0,0.16666666666666666,0.014388489208633094,,,False,,,
201149,1610612752,Joakim Noah,Joakim Noah,201149,NYK,60174.0,1003,-146,1986,1996,265,357,262,3982,94.0,182,42.0,97.0,13.0,23.0,4.0,13.0,,,,1.0,98,198,,1.0,34.0,230,2290,42,98,,10.0,94,14.0,26.0,8.0,36.0,98.0,98,,,76.0,1.0,,11,77.0,24.0,101.0,18.0,6.0,42.0,5.0,30.0,226.0,40.0,117.0,97.0,124,17.0,238,160,398,30.0,13.0,17.0,28.0,8.0,23.0,30.0,3.0,5.0,58.0,10.0,8.0,58,126,10.0,80,2.0,3.0,4.0,78.0,6.0,33.0,35.0,10.0,36.0,15.0,36.0,264,0.5,0.8166666666666667,,,,0.494949494949495,0.42857142857142855,0.5384615384615384,0.49246231155778897,0.42857142857142855,0.5384615384615384,0.48936170212765956,0.4519230769230769,0.5,0.005025125628140704,0.05555555555555555,0.054945054945054944,0.07692307692307693,12.683982683982682,0.4827586206896552,0.3695652173913043,0.19903691813804172,0.15940054495912806,0.2709497206703911,0.13559322033898305,0.2252803261977574,0.15257531584062195,0.20224719101123595,0.1091703056768559,0.20920502092050208,0.18781725888324874,0.2653061224489796,0.4166666666666667,0.914572864321608,0.5164835164835165,0.5465116279069767,0.5106382978723404,0.06532663316582915,0.3076923076923077,0.3333333333333333,,0.005025125628140704,,,,0.9897959183673469,0.4329896907216495,,0.8846153846153846,0.5652173913043478,0.9195979899497487,,0.5740062814070352,0.554536170212766,0.5747038461538462,0.14601769911504425,0.14666666666666667,0.40869565217391307,0.1565217391304348,1.9328282828282828,25.0,0.13343403826787512,,3.0,,,,,9.0,5.0,17.0,13.0,9.0,24.0,15.0,5.0,,0.18932038834951456,0.09195402298850575,0.19786096256684493,0.296875,0.10112359550561797,0.25,0.01507537688442211,,,,0.07142857142857142,,,,,,,,,4.0,,,,,,,,,,,1.0,,1.0,,1.0,0.22727272727272727,,,,3.0,1.0,1.0,2.0,4.0,,,0.0625,,,,,,,False,1.0,,
